3000 3000
547 2126
1880 2223
2703 558
2857 2441
392 2289
2413 2923
2962 2505
833 1458
2094 1386
2818 2946
1012 1
1359 1100
700 83
571 704
131 1078
1137 871
971 2579
555 2765
1398 1083
900 2881
2097 375
735 531
1719 2179
1775 2900
2478 245
2479 2599
466 272
2282 40
1147 704
1834 351
737 2478
2241 798
355 393
474 506
693 1427
786 2593
2328 2624
2093 2121
2947 785
2808 427
198 1535
2972 2974
1981 1961
2134 1936
1225 916
1419 952
473 2418
1634 584
1451 2338
1863 775
653 910
1334 223
2228 2253
1778 401
1487 1574
139 1759
1541 94
1819 1277
1239 3
2690 2750
1823 2485
809 1787
1355 1894
31 1360
2229 1302
679 504
2039 1412
1425 743
2233 1795
1354 1223
2597 1596
599 2493
2151 409
2875 2331
1968 2802
2081 2070
2927 2113
1788 2013
523 131
2368 2087
104 2718
1300 1397
2461 503
2607 2333
1013 2524
2715 1666
1773 723
2182 651
172 470
2540 2969
889 390
665 2735
1260 865
2316 2172
986 1906
1755 1679
2535 1816
2109 2550
1422 93
949 85
739 852
1562 444
99 1825
2349 1652
2525 1295
1602 2403
2583 2408
2520 2545
2960 2038
27 792
1844 1515
1342 2230
537 1035
509 1902
940 1341
637 2111
963 1663
2307 2476
2916 1553
150 393
2463 1976
1527 2638
84 1207
2767 1942
1326 826
1658 1344
154 1564
2156 2051
2849 36
2141 2475
1120 1243
314 896
1176 2466
1565 2280
2887 2069
148 1241
2417 934
161 311
710 487
1204 379
1511 1312
1862 632
343 553
405 652
970 301
1559 147
980 1973
514 201
2754 790
2367 2932
2533 2634
1224 2296
806 2681
1288 2961
1629 2884
1561 2652
2484 332
2289 481
2263 1753
2527 1114
1470 2881
1815 451
2097 197
152 2383
1466 162
303 566
2286 1217
665 985
62 335
179 2020
330 799
2294 2061
1052 1092
860 408
1744 2131
1577 2143
2302 669
2769 119
2448 2485
2018 1224
1116 996
384 64
1600 430
1118 1286
2441 2342
2208 2433
2532 2608
1646 1164
180 979
183 688
2705 1485
1590 2482
1026 2760
2170 708
610 2482
1004 562
2995 2040
2554 1696
1608 266
2202 768
1658 941
1772 245
1635 519
2585 432
1424 804
2072 1105
2211 2785
1938 2746
1438 715
574 316
54 1517
793 1928
1984 670
1119 706
1977 717
1273 263
675 681
2963 692
2746 629
1908 2638
1564 2394
2630 778
2295 658
2346 751
2075 698
2670 1800
263 2090
892 741
813 195
1126 2726
2221 1741
1064 2998
1331 881
2945 1705
639 789
1876 2075
1689 2381
963 2350
2291 1943
1122 2331
1947 2758
1077 346
1523 1317
940 2747
1753 325
1962 2901
2142 2220
2782 642
2644 54
2673 2453
913 2589
1313 2499
92 1661
1873 2646
1015 1218
2218 649
953 1813
1888 1522
1220 1251
1434 1251
2015 2199
1643 2487
2622 1824
2258 2995
1999 2431
2643 2400
264 1027
2452 2303
1883 1734
2562 946
1989 573
2220 319
2810 595
2108 1963
2774 1182
1089 1054
2591 2435
1275 2703
1179 1986
1740 1292
836 2206
2164 2943
2305 1711
1950 2282
858 2108
719 273
1426 182
2040 1725
2496 643
1267 402
2789 2386
1144 2157
2308 1899
2824 1291
798 1758
762 2196
787 890
1853 1965
2967 2924
730 274
2894 888
2850 2094
335 1960
1121 228
1856 24
98 1487
2710 2017
880 63
976 406
855 2807
678 577
1249 2336
2276 212
2395 2399
2768 371
2787 754
2977 1109
2425 126
705 103
405 2186
1408 1259
2170 899
1180 69
958 932
1966 213
1828 1091
1192 1939
113 1380
991 2215
2456 1196
1237 2281
2587 2137
1132 1540
2833 142
2760 159
389 1792
145 1392
1972 1721
2083 2933
1581 2379
2506 1139
2483 2171
673 1538
188 2375
1273 180
724 1503
2099 748
477 1620
2954 2275
968 1882
2886 1098
1927 829
193 352
1864 1075
2338 2759
515 114
480 2511
499 2438
225 1672
1866 695
2116 1698
2783 290
544 1628
2786 380
455 519
2372 2498
340 2676
1241 1898
1001 2337
505 2717
2088 2377
2611 359
2364 1710
1668 278
921 56
540 115
1396 1099
1406 1805
255 2336
764 1876
1293 2823
892 1374
2051 930
835 564
922 12
769 1234
2210 1609
376 1391
1719 1053
501 2820
2327 801
1947 2419
2259 881
2831 26
2716 1306
64 1604
889 1403
2345 619
314 2009
905 1579
2276 2073
1837 2258
2149 2883
189 1652
2419 1220
1647 285
2567 1203
813 1303
548 1209
731 2747
1824 618
2025 2814
553 520
1121 2165
1026 2707
1769 2085
2155 1464
1609 2522
1240 37
2721 2617
830 2311
2925 1849
2269 1469
999 262
174 857
2474 1827
630 2560
1560 1084
1575 1432
2804 1694
408 102
2285 1952
1917 2013
2829 2502
2255 1954
385 2867
1226 1686
2318 190
488 1920
1571 68
808 1821
2346 2975
2643 323
546 1322
1072 671
2490 1456
438 199
2902 2793
1979 2698
2882 2325
2392 282
2723 752
25 2555
399 2733
2176 2603
1943 981
1325 1312
2002 611
1271 286
1796 2714
1950 2284
190 1101
1653 1871
950 2920
612 832
2667 1278
309 329
363 1395
2287 2991
1844 2367
2175 584
2467 2143
1280 842
235 1185
1244 2313
2915 2368
2869 1140
2298 2627
1530 2251
2801 573
161 435
2114 1546
1313 847
682 486
641 1258
2058 208
61 708
2269 2983
1157 1709
1045 888
226 2007
2585 2640
1874 2954
2421 1455
2586 44
2103 185
692 1120
822 1937
82 2899
533 1645
1437 1148
1274 1301
850 1955
1158 1178
2353 1223
781 748
257 599
5 1368
737 1815
856 1651
2301 2026
2674 2682
2135 2381
744 444
1543 1334
522 2825
2867 1029
130 1081
1236 1003
2537 1483
2932 1605
2088 2144
560 1843
2951 2296
2604 2090
74 2150
1035 2616
2300 2476
627 1194
327 9
1486 1307
195 1732
2382 869
1233 2670
154 672
1434 2736
1000 1890
574 386
2921 256
1981 1475
424 203
460 2553
1361 1318
253 2302
2508 2334
2930 236
2764 1377
1075 2249
2611 2743
2297 480
1588 2285
2896 186
2502 1512
120 1284
1250 66
2133 1807
2077 1118
1960 529
588 1695
2238 1270
1622 2702
1714 965
1016 341
2686 1891
483 1555
345 1088
123 1286
2573 18
1078 1339
2526 585
1398 1024
474 2787
1768 1700
987 248
2663 1551
1287 1703
103 1412
2815 589
1099 249
2916 2402
903 354
2230 1875
1176 667
2708 338
2309 1586
2513 443
2480 1554
2519 1106
6 1337
238 435
134 2698
1065 2425
1404 1597
1125 2417
100 2559
1755 2242
2941 286
2631 230
1152 1646
1949 1336
2743 2803
1133 2641
400 1378
2574 541
1343 2580
581 279
1212 603
2615 2432
1689 1185
2404 2410
1554 1851
428 2082
732 508
1618 2693
1887 1212
2752 2980
1376 1123
908 667
2343 1901
794 1408
1346 303
1252 2740
2891 19
2382 806
2847 814
1130 323
2734 1437
2115 2978
556 2330
570 2373
1827 947
88 22
1504 907
436 2613
2012 425
575 1080
242 1155
2066 1924
1114 1623
2738 1630
2465 2913
2922 1921
220 2775
1183 1538
1298 1105
2685 1821
2702 1283
2001 2608
867 1034
2263 1068
1958 122
1623 654
1449 132
1280 651
2082 918
589 2669
1453 2782
2032 79
2000 636
2541 261
74 493
1318 530
1303 2151
1420 1375
1282 100
2418 2344
1247 783
2360 2618
2266 844
2430 2250
816 884
2751 2392
57 1266
1667 650
1145 1721
1892 696
2438 1618
366 722
2127 382
1690 40
550 2348
2569 1884
2812 1870
2294 171
1590 1591
769 439
1250 2422
1275 1978
1997 518
1784 2727
732 1693
2257 1140
531 528
926 1901
1315 895
334 1073
1645 215
2102 346
953 2487
1893 1256
112 2575
159 1633
2057 2469
1129 2471
1080 645
1439 570
373 2146
1820 1524
771 1749
360 2644
1760 247
2878 290
1344 1937
1104 361
750 2725
310 2879
2654 2794
488 2517
2964 811
2031 172
1980 2629
1394 752
1287 1965
1161 843
2661 344
1132 1328
1939 1208
1284 2851
1056 1112
1068 1484
1617 2987
2594 1446
477 2035
1474 449
1248 628
2406 2662
2448 2700
2733 1562
1720 1403
568 451
1682 1595
2909 1507
841 966
482 52
2739 510
2872 467
2870 902
758 705
147 2010
660 1712
498 537
2519 2172
338 1997
128 279
2848 747
1305 1579
152 601
2912 334
266 1520
2104 1967
1141 609
770 125
1946 2272
1526 2544
2512 1462
2219 78
75 606
72 2231
636 2839
2688 2713
1395 383
2130 1991
668 1261
1069 2826
2994 796
1050 2429
1065 1134
2376 924
1847 2347
2721 216
2909 174
2186 2808
1539 784
2933 2528
2098 555
2079 1297
808 2999
2232 448
1655 1714
1202 2144
710 1108
1424 2373
2214 2116
2568 2946
1426 2356
1184 1962
160 419
979 954
1612 2802
7 228
232 2536
1345 1215
2526 1500
790 2041
976 962
2475 368
853 500
2460 1314
1390 2385
545 336
2614 463
374 1492
2976 2364
1889 659
111 2067
933 1600
1989 372
2984 1872
225 215
2568 2577
2981 2354
666 1349
1110 1096
2298 2229
2918 1381
671 612
1243 1818
2366 756
733 2571
1255 391
1698 2590
687 572
1294 742
1985 2677
1927 1795
2201 536
1529 1626
2779 527
350 96
2837 482
552 77
442 681
2194 394
2362 155
2602 2532
2783 1454
1158 265
1531 1150
1083 358
1642 1170
2741 1665
2481 294
1245 680
1792 260
2657 2299
1519 2247
2557 675
869 2365
1023 634
158 1254
1402 2407
2249 311
1391 2911
2645 37
1990 524
1970 2597
2691 1438
2489 151
849 1319
2637 1407
2325 984
1362 947
2840 2123
420 2852
129 2605
882 873
114 167
2895 2156
1944 1865
2989 1868
659 2173
242 2753
2010 2813
2252 746
1321 615
2556 1127
1097 2507
219 1935
48 41
2615 1094
914 1481
2926 2240
168 170
1936 1257
2632 933
566 2999
915 1988
1479 1266
838 1100
738 2921
1834 456
1363 1907
2452 28
981 1351
132 2491
2943 1400
2623 1104
2470 1263
759 1560
1975 2975
2767 1147
459 2996
1057 2660
440 764
502 525
1616 691
859 901
582 1733
2171 887
2705 2570
647 1405
932 2092
468 2589
2005 2133
23 453
2587 2582
939 1909
904 2344
1044 2271
1825 912
831 2138
2316 1694
2290 542
2255 252
1683 1041
7 310
1791 2650
2598 2889
795 2181
835 2697
2762 2409
1540 1780
1659 2423
1130 1018
2865 688
930 441
1782 464
777 1031
1008 2429
2843 2287
1509 51
549 1383
49 178
922 2100
35 61
1028 2307
2853 2636
2963 1779
2925 2819
1911 418
812 1180
2401 387
1125 1964
2354 403
2177 1399
2168 1473
1672 302
1657 563
686 2318
1845 144
824 2900
1167 1127
2778 1816
1281 1443
2715 2888
807 1848
239 27
2111 2299
2314 1423
1455 646
2120 2981
1382 1277
2737 1994
701 1637
929 2745
2074 1801
1191 1372
105 2225
738 2380
1050 139
2664 695
1785 1229
95 2182
2411 2897
1501 2256
846 1863
1550 2207
1529 1662
970 1379
1524 910
2992 2054
2250 1639
2931 2174
2543 776
353 2006
89 972
2619 268
697 1042
59 2829
404 2427
2864 135
2745 918
2288 233
2846 65
2426 1230
938 2128
845 1373
1536 624
2965 2431
1031 116
2187 1539
941 2264
2799 1442
797 2711
1697 2400
2684 1079
2352 754
2735 2095
1151 2552
1842 800
1786 983
661 2134
2119 977
313 2524
2621 960
2462 842
1585 2964
1931 277
1418 851
1415 1325
1514 796
2619 561
2391 2189
2970 336
1165 1333
1153 1678
2514 1955
1650 2105
2892 2470
1985 2198
1204 2955
53 2315
211 2293
1905 1761
1447 183
1067 475
2439 1410
2896 1518
1102 2221
1135 1669
1107 1799
175 1677
2726 2993
1430 2390
173 53
2055 1655
2917 895
2265 1687
380 1136
1219 2175
1497 2780
1653 2191
504 1308
222 2732
633 1833
2683 2125
2951 2817
1431 1544
1666 2708
1715 165
2937 207
1941 696
1859 1530
1495 2083
2722 2775
1085 2522
682 1636
2322 2671
1904 479
971 2033
479 1556
623 35
2986 1410
107 1389
2952 841
2873 1322
843 582
1018 2494
2015 355
2714 866
2253 735
2189 2529
2152 2669
1839 1472
337 417
2581 2185
853 1760
1131 1154
1375 1701
1813 1299
1048 1723
2885 759
828 2938
535 894
2902 191
2320 610
1887 2052
1498 616
2490 2244
2132 1503
1310 2231
1932 2396
2592 60
1706 668
1679 2855
868 2562
559 462
2468 1513
2169 2341
1433 973
2495 1461
2962 169
2966 118
1898 2820
1759 1688
493 291
1082 745
2751 1085
2262 1081
1393 342
2971 2841
1030 2784
876 2620
1169 1886
2857 2934
2449 2917
873 142
299 2709
2796 1967
294 1213
1247 1734
162 713
2315 2052
486 2326
1348 2495
2102 1206
2897 819
2458 1746
2770 1558
587 1163
917 1739
224 1010
2617 2084
2065 1282
1802 1092
2566 2310
2837 368
414 1673
14 2534
1811 1897
785 2685
989 2873
879 1948
1711 1225
2493 1072
509 1010
2563 2306
2447 851
90 1583
33 157
62 1171
2674 1004
1229 2914
1301 2552
2859 350
1077 565
1086 305
1201 1473
903 1477
854 617
87 2378
2397 1656
2335 1491
322 71
2834 254
21 2958
2692 10
1181 689
14 1155
1365 2914
1684 2666
234 23
2079 2362
1194 2635
621 206
345 1568
921 2333
2450 2755
1885 1576
2174 1162
544 2022
2436 472
1239 532
1754 603
3 1736
2530 911
390 2091
1021 2152
1020 2062
1934 1047
1980 664
1014 2130
1716 214
2675 795
1972 12
1093 780
2270 2114
376 324
1953 2104
2085 829
2239 2793
1109 1896
1940 540
250 2791
2965 1510
1183 2982
2655 214
2042 447
1681 2901
2598 1045
2801 2538
2411 2521
2687 2898
1157 1265
1794 93
96 1766
1474 176
1852 772
22 2416
1358 2606
1253 600
1820 1810
2534 2656
805 590
2008 993
1533 2773
1135 2968
774 352
511 416
1895 2561
1944 1831
179 2645
2237 633
757 848
1005 1521
2601 1773
454 1593
341 1102
398 59
836 2535
1252 2262
317 2459
1582 1685
1664 2444
209 2115
1563 728
384 984
2268 2118
2166 2014
2496 383
823 1917
985 222
2516 2763
701 2112
1448 1466
961 1142
452 56
2128 906
2274 2924
299 2356
273 339
1484 915
2510 2985
1614 275
2003 1329
280 217
2408 2232
2627 2472
2222 177
11 782
1918 997
2443 2215
2736 1782
2792 1415
1367 777
2247 1411
2454 2555
615 1163
2575 1210
791 2527
410 2907
2375 1620
1746 50
1182 1110
2539 1237
1631 133
75 377
2192 2883
2968 1971
330 153
439 554
2893 107
2591 1505
2875 2869
2976 2942
2564 374
1032 2184
1601 1817
2777 1463
1615 1935
2384 468
1747 1840
2520 2825
1718 1625
1370 2148
833 543
2007 2973
1290 491
1762 2409
1348 1443
893 1872
1723 38
2224 151
809 906
410 171
1324 958
2578 2292
106 1751
2120 1049
749 503
409 1976
391 1557
2939 2378
2301 1515
1631 938
2168 36
1566 920
2029 2887
569 49
1330 2260
1599 545
1420 2355
326 1151
1998 2818
2868 456
471 2636
163 2473
2372 753
1521 1613
269 1732
1710 1417
613 2950
1034 1090
1436 847
1146 2874
690 1002
41 2020
2755 2830
1025 1712
1956 417
2462 2149
2213 2563
2529 569
2953 449
1192 2008
433 2838
386 2512
1840 1683
1913 1060
1765 1801
2542 1285
2150 834
2830 1866
1850 2366
1934 60
2624 285
1610 2138
1541 2797
415 734
2957 1619
1771 221
2956 950
894 1221
1199 229
13 2712
728 1946
304 1207
1569 58
2642 660
1388 2960
2118 2451
877 1196
2224 396
542 1046
1630 422
2284 1648
1854 874
783 1717
506 231
2145 2162
1036 463
1970 476
2817 2974
767 133
2673 2277
2888 2274
2155 2395
109 844
454 446
2022 1058
2379 307
948 578
2279 2028
2450 1213
2936 1725
1111 58
2233 1854
1458 1460
2959 1479
2148 1585
395 2407
2691 1310
1216 271
1439 1098
2236 751
2129 1736
2101 620
936 2530
378 1884
261 212
1249 1688
1164 2455
1386 2370
2639 2035
1003 2183
580 2877
2024 2227
913 2312
644 138
2266 1327
617 521
516 1047
66 1074
2199 2484
2854 960
1123 1700
1903 185
2805 1580
1306 2553
2549 143
928 1762
2833 1731
1335 802
428 820
97 466
81 200
2807 1771
982 1526
497 568
1049 2281
914 763
2107 1202
247 168
2727 231
923 457
530 287
1634 2244
98 2880
586 2648
712 2987
609 1691
1922 52
2078 2488
1992 2317
387 2730
356 1094
84 1613
2447 117
1592 2474
1460 1294
604 2328
73 2389
2127 2748
613 967
608 2637
1858 459
2141 102
2323 2781
2813 1517
2437 2195
1954 592
1536 1549
1033 2472
2606 567
2311 1211
1701 2386
2610 377
2781 2805
1859 944
1235 625
1681 322
819 1340
2945 320
823 1860
1429 1776
2521 2343
2798 2876
1037 496
1641 2712
1425 1750
55 2547
17 1368
2566 807
1814 127
1006 2310
782 2209
2785 2811
1915 767
2380 1390
47 1409
2265 1811
2791 1555
2621 1603
1497 1757
1704 358
1625 1267
2223 2609
625 672
2744 2557
916 278
1923 1766
598 1480
1904 348
2027 104
491 2047
2139 864
2600 2540
1890 206
251 318
232 203
773 658
1143 2034
2517 283
2178 2649
2451 1255
2776 2940
1839 2937
700 399
2401 2929
1644 765
1729 2363
2935 2003
745 1951
1494 1550
2972 1727
80 828
850 2594
495 1268
1366 2657
38 1269
827 527
2428 2664
1883 596
227 741
2680 1417
2410 1496
2713 1203
1478 2042
2093 1900
2679 2084
1791 2622
2179 2124
321 2845
94 2160
2858 2045
886 1873
2633 2180
2613 1561
1741 1465
1588 1148
650 638
490 483
2910 2583
2389 2098
2026 943
2437 1222
434 1309
2904 2332
1786 1319
1030 1423
2340 2436
678 1269
1261 975
2208 1508
1246 923
267 1902
557 2033
1624 2415
2545 2662
1537 1462
1639 2080
45 1841
1143 583
469 998
1017 1818
750 421
249 191
595 2402
238 306
1332 1534
2795 2126
1661 298
1707 2267
1448 478
1353 85
2459 2267
1745 418
2871 1584
2432 872
1604 1724
2043 945
2146 1489
2326 2765
746 2640
875 1974
16 2140
166 331
2501 1973
1490 1168
2055 814
2066 1605
2855 1994
1281 982
883 1142
2242 2464
429 2209
389 5
2923 716
2633 1444
1789 17
2377 1200
1427 664
2063 593
2744 2113
601 2071
1019 886
2021 2190
2398 1626
2586 2720
1632 560
1726 461
385 2571
1910 210
2064 846
2161 1413
2865 720
1262 2634
2213 272
2291 1090
99 298
2955 640
2844 1754
2053 1040
2076 2531
2851 1160
113 980
897 2340
398 2226
2794 1990
512 2159
237 1236
718 2559
709 1232
1168 2309
571 972
340 1138
2697 450
565 1777
1134 2551
683 239
2843 2906
388 1347
1435 1429
2701 1020
2290 2620
956 2173
1570 1611
356 1982
2890 1669
1342 1500
2017 137
2063 1103
736 840
2544 1572
762 2072
367 156
2596 412
867 1685
1170 2538
200 535
176 218
339 359
690 1206
1265 1519
1483 2862
1430 297
1660 421
496 2416
2515 2295
1908 2707
1379 431
1316 1715
119 2780
1513 297
2711 2894
1234 1768
1195 2533
213 2056
1551 31
2012 551
2446 2836
874 226
2769 2884
899 727
485 2457
2790 111
912 1138
101 1131
1029 2773
937 1758
1253 1364
2210 478
803 1006
2688 626
2062 1467
2506 2167
605 414
2810 50
2399 246
2461 500
1662 1982
365 1012
423 641
248 1764
86 2193
2363 959
1309 1472
957 1899
367 1260
1597 1966
1323 676
1044 1770
342 2788
42 1953
1912 1929
1848 318
208 331
1542 1211
997 1356
1797 898
547 194
1440 2729
193 825
1199 2839
1881 804
316 77
15 2725
1160 1749
2630 988
2217 1108
69 951
499 1276
125 973
1061 1444
258 1763
1676 524
1776 2796
2840 597
2847 679
2694 1587
631 1692
1983 1323
2667 765
315 779
436 1767
1156 1016
1670 2908
2931 293
43 1197
2718 2037
433 1528
2337 990
2821 546
1171 1545
756 1468
1166 2329
2978 2876
2906 1841
757 1743
725 2572
348 1629
1752 2671
1069 1496
1804 1832
1400 2940
465 1868
1033 2132
332 430
909 26
375 347
1915 2504
781 1870
721 2107
2420 149
578 1457
687 2365
2844 706
1270 2119
2731 1274
755 1315
2822 1374
19 1794
2639 505
1627 420
2771 1557
2704 362
686 2197
300 2492
1877 437
1959 1217
372 413
2327 575
1748 276
862 1567
510 2163
1174 989
32 1021
2518 2348
1845 251
269 2031
2350 1177
46 2200
189 552
1724 998
2145 2019
1453 2188
1628 1654
928 1272
870 720
528 2191
329 2762
2303 549
1349 1190
1387 677
2288 150
657 118
1532 381
2814 1836
2248 1463
517 2480
2934 773
579 1218
2045 2629
1552 1651
2910 2558
924 163
2412 1115
1892 1699
181 1643
2505 2868
2158 29
538 1262
2071 2445
908 349
1245 1482
1654 2749
2106 622
1188 2730
1259 629
1790 2556
1305 623
492 1999
2202 2313
1696 2454
1932 951
907 211
270 1549
1007 181
2548 2122
861 2009
1384 2757
2466 669
919 2509
588 2218
494 400
1043 1198
872 241
1676 2882
1633 2254
2815 2323
657 123
1850 2089
2260 779
2023 128
2405 967
2819 44
1708 326
246 1362
2329 429
586 538
2335 438
2499 76
699 2741
2700 2899
1304 373
1996 2053
2742 1812
2433 1056
731 2497
698 644
831 955
39 283
2998 1071
2430 1702
2226 511
2078 87
1351 2776
1925 1875
1295 2856
145 2938
2054 581
2314 1409
815 2197
626 2011
1774 296
2890 1838
2513 2080
1986 2593
2786 821
1387 1911
109 1591
2872 2816
440 2948
1691 707
562 1011
683 1272
2183 1695
1737 635
1215 614
2515 1339
2361 2970
88 2504
2748 1548
2016 305
2087 82
2204 2477
2140 2928
2784 2576
2623 140
558 2050
1775 2895
366 2860
1842 2922
1190 2903
2584 1411
1756 2241
2655 304
333 1169
2000 2473
2463 2273
1221 2724
1668 219
1619 1476
1552 1770
2719 2990
2997 1569
1019 1191
551 978
949 1416
292 2632
2207 1283
1350 2036
2236 2488
2455 639
674 2398
1780 324
2404 865
2096 2614
2278 2124
2106 388
1341 2969
1126 1728
2387 68
2558 1214
1405 1509
2376 1320
2081 2103
289 761
1598 1216
1567 1559
1208 2105
2853 2903
1414 2761
149 1128
1052 2278
1499 587
32 2701
2206 1640
2464 1533
580 1103
1159 1117
1779 995
1869 1450
1851 262
772 2261
2060 469
523 437
1615 1232
275 1891
1299 221
1800 2696
512 253
1326 481
122 2898
1789 1336
2235 2599
2991 676
379 2177
1510 925
2361 1951
2 730
1720 2403
452 2048
2359 301
830 2200
110 209
130 1357
257 2422
1093 1767
1347 1355
827 295
1193 2649
1671 729
620 1987
1214 1520
2915 983
343 1692
789 95
818 2064
2030 1357
2319 992
1677 2797
1571 1302
1394 2912
1796 1929
1860 407
1471 2827
2414 1678
1987 1494
1297 1988
498 793
2774 2503
1896 653
2041 1161
2129 1087
1482 1079
1705 2205
2383 2603
1649 2573
2157 1288
2737 597
673 1733
591 2091
243 445
878 2510
1389 1089
2352 108
2582 1830
2092 129
1073 1722
108 1
210 442
2862 431
607 476
2507 880
1581 1350
1289 2046
2029 2567
868 784
2468 2424
2357 1528
2153 1059
1867 2077
2821 1765
1062 1647
2391 83
1756 1449
2792 138
453 1969
1107 1774
1958 1173
1843 2321
2961 360
988 2682
1640 1381
1563 1595
2453 1227
443 1149
1228 1738
1175 1593
2434 1407
507 1146
1823 534
1331 2061
1205 955
1226 2858
71 1566
260 312
462 2371
2659 1091
487 1922
8 281
2112 1788
2660 2160
2300 1636
816 1419
101 1805
1764 2317
1296 445
662 2918
1527 1933
2334 2816
699 2749
224 1488
1352 2131
471 2070
1278 2339
1784 1803
1919 1505
801 1592
1799 135
1748 715
2246 121
1785 2983
1642 2693
1675 282
2246 2877
2049 1857
2547 18
51 1470
858 1086
2861 2870
1599 422
220 1846
768 2750
2332 821
1435 1797
106 917
2023 1804
863 1945
1231 404
271 67
2024 605
2772 2256
235 1542
2600 2866
325 67
689 1740
2771 402
1729 423
2320 2616
663 2374
1699 1363
726 1752
1440 2944
1727 2695
2467 2928
202 2248
2609 1802
187 90
1504 1743
2590 548
1477 78
1198 2756
2754 2647
186 2449
1233 1055
2719 115
1572 1831
1984 2446
2666 2471
164 1028
1912 1015
2764 2758
2270 1682
165 1070
2927 749
2109 2778
969 426
2271 300
1256 1793
604 1095
2360 2564
2768 987
2604 1706
166 727
2238 1396
638 747
870 839
2668 2531
2025 2047
736 1376
2423 412
2789 2185
2252 1061
1574 2374
218 2
1534 2886
702 1731
721 1150
1228 1058
1612 890
1184 1558
1638 1670
2625 1511
1370 800
2021 455
935 1610
2684 674
2949 46
1525 320
2237 2442
627 521
1507 1790
2166 1998
2458 1084
1308 288
2353 2752
328 606
1812 849
1974 2651
2859 937
126 2349
837 2985
2415 2065
1293 2347
2509 1548
1621 2196
2198 1115
2665 1014
1432 594
2679 2027
1607 307
861 859
2647 2176
1452 539
803 1737
1459 1360
2216 1656
280 942
2626 884
1783 1328
1186 670
1051 1038
1693 1697
2147 1238
2044 2227
457 1264
554 274
2958 2689
1175 1040
1493 740
1761 1903
2212 1506
1242 381
2135 1556
293 2653
2967 1041
357 602
891 702
2860 175
2561 2486
1491 344
2536 1606
885 2706
661 944
1730 16
2235 1406
2192 201
1373 1053
927 2086
1570 1632
2501 931
929 1153
276 2612
1995 517
1471 711
317 2864
1421 1064
1227 199
2283 648
2439 643
635 1838
2577 614
592 1704
1263 1881
1578 353
529 788
2720 1680
879 501
2973 1307
1106 243
2653 964
2355 1011
611 33
707 1480
2195 995
994 513
825 2628
969 1938
1380 991
2861 904
382 319
1709 1122
2273 1742
877 2194
2397 1649
712 2699
2268 1545
2689 42
743 878
2971 624
11 2979
832 518
1684 600
197 120
1680 1914
693 1364
1744 2986
999 2477
854 1074
1787 1702
1139 394
1490 1271
1920 1573
241 507
817 20
642 2694
2074 1051
1087 2014
2692 1024
780 2292
2565 818
952 1717
1048 1413
1814 2993
2803 1478
725 153
2205 1298
2039 576
717 557
628 1909
441 1353
1493 446
900 2523
2234 2440
594 1492
2162 2809
192 820
1745 1806
196 2650
1895 1055
2631 709
630 1783
2988 315
986 9
1867 2030
1594 321
564 1923
2257 1475
2935 1742
1925 2642
2953 1961
2836 1803
188 1621
1941 2413
265 434
217 2738
475 845
1002 2772
1573 2421
2304 205
1066 974
2828 425
1924 2892
1489 2687
596 1861
2570 1076
1111 1837
1186 1826
1635 2832
24 2136
2068 1032
1441 1648
1778 1320
229 472
1578 141
1514 2728
964 775
697 1009
233 2184
156 2528
302 312
946 1738
1826 1311
1205 2845
655 593
1248 2948
975 284
2919 116
205 1195
2984 1862
2016 2756
714 2681
2863 296
502 196
1154 1159
1141 753
2827 1608
1716 1476
734 2442
925 2565
80 1877
1518 1905
2358 258
2043 2086
29 1201
2905 2831
2761 1230
2942 2724
65 2878
866 1258
2322 2272
2812 1499
1461 2351
2312 1445
1853 2838
270 2424
34 1291
1005 378
739 2283
411 2243
1502 237
1949 942
2306 1174
1392 148
1769 1452
1829 2560
2217 39
1022 2089
2076 1978
2005 2828
2046 370
1189 1512
204 954
2652 2358
2874 1861
1268 1167
2190 1388
797 864
1498 137
632 1385
2635 875
1454 2279
2605 852
2952 370
2494 1222
8 2601
2465 1366
1279 2067
957 30
1450 2656
2804 2539
2243 21
2187 1864
76 2625
2211 354
2930 2181
882 1975
2929 369
2710 1926
862 1433
2414 652
1354 1485
1066 634
1117 536
1879 1543
2193 1296
2729 2607
1957 1013
911 876
1145 467
1197 313
492 1442
2763 2245
1076 2658
1822 1596
2163 761
1501 43
259 1707
2139 1930
848 2959
1942 563
2592 713
1340 520
2806 936
771 461
20 1836
726 2704
256 2759
926 525
2324 2259
1372 1916
837 25
685 2672
2359 2342
1300 2880
1849 1446
277 2740
1747 2551
2709 407
2387 792
939 1971
703 1906
255 1367
1156 826
2341 799
2672 2142
167 1913
1616 1062
1385 2907
2443 2680
2546 1124
774 2654
230 371
81 1181
1713 2788
2280 1983
1603 1918
2848 1948
1177 1095
2420 13
934 448
207 1878
694 2850
1456 1346
533 415
369 30
2136 1414
2982 959
1401 559
1162 729
91 2100
977 2511
2385 990
2123 2369
1063 244
1238 2841
583 2779
1451 1371
1401 758
1637 2994
1964 6
127 1257
177 2889
308 2542
1722 1054
968 1219
2330 1928
2908 948
2580 541
2161 2508
1940 1290
1886 364
1371 760
288 1506
1671 1113
2628 885
1178 427
2498 2351
2990 216
169 2393
2117 236
2795 1544
2826 522
2201 1830
1606 124
649 1335
961 2823
1358 1617
1622 1059
2992 460
1739 79
1179 931
1809 723
778 794
956 2893
2911 2286
1097 252
2390 284
1952 2651
1726 1806
392 2096
1361 259
556 1101
1441 817
365 1397
1828 2913
662 2739
1042 2357
2835 2158
1735 2578
1963 2947
1508 2125
1885 1112
1910 2891
146 2006
2188 416
2019 204
1193 1977
1292 2695
136 905
2060 1383
2572 1686
240 2989
1465 1931
1926 397
1445 1817
2549 883
2766 2543
1718 2489
1000 198
2806 656
2216 2988
351 2222
45 802
1993 2345
2239 2305
974 2069
1687 1525
170 666
2491 896
2297 1447
811 514
2856 1793
1393 458
2002 2706
834 117
295 112
2018 1586
2099 327
1377 1856
1071 1057
1809 622
1235 572
447 2537
577 1037
2394 996
2996 2661
2479 1933
508 2444
2574 740
264 1025
484 1822
2777 1957
1165 1852
1022 2214
1036 1402
733 2518
2095 1166
489 495
714 1657
619 2393
2885 2956
1332 57
73 1244
902 494
763 2997
1996 1008
2525 1421
2440 1173
1703 860
2261 1577
2579 2445
567 465
543 2228
718 424
1314 1285
2434 1589
1882 1060
1675 2766
187 978
965 227
1495 760
2944 1781
2977 2699
287 1428
2073 992
2396 2683
893 2384
2800 2936
1152 63
1502 2038
898 1798
1046 1869
927 1751
787 1240
1333 791
856 1378
2178 2678
70 919
637 766
2460 1149
1017 824
2941 2919
656 1276
1660 2668
2212 2665
1144 1916
2822 1674
2275 2011
2483 234
1200 2427
1735 1880
144 1007
2159 2798
1231 1914
1730 1894
1343 281
244 1338
2154 608
935 1428
1522 2854
684 945
1878 2304
602 1246
1995 2028
2121 838
1835 2596
1871 1979
2164 1598
124 2866
2686 1576
694 173
1345 2037
1365 2742
1116 1807
1516 810
0 618
309 2612
2790 2980
863 72
70 1919
1589 2245
250 86
1457 1264
2049 2799
155 2388
1209 1587
1469 1781
2514 178
1187 616
1418 1039
2426 2147
2811 2032
2546 1594
2595 943
2117 1359
1330 962
1969 2050
2646 1124
1356 719
550 2696
2369 1289
143 1070
2731 55
1808 839
2068 2137
1889 1819
1888 2588
4 2523
1369 1992
2770 2950
2626 1133
2904 2584
2308 920
786 1304
1023 202
2602 2500
2101 1172
141 1188
561 1847
1384 1858
2154 815
267 291
2757 2732
1857 1422
2254 2500
1897 1798
2486 2036
1404 2675
1416 2648
1907 647
1464 1575
160 1043
361 306
812 473
2588 2001
10 1369
1993 92
1523 1488
2412 2481
1750 1930
2723 1027
1833 1137
1329 2852
1641 1082
134 194
2824 724
2204 1865
464 2169
1001 2122
105 413
289 184
2165 1128
1673 1832
2920 450
1611 2339
2234 2550
2503 164
2203 110
401 1009
645 184
2677 1242
2832 663
2809 2835
254 2753
631 489
2004 364
1459 1317
2324 2371
1638 766
532 1835
711 2034
1624 857
2056 2004
1968 770
539 1674
901 776
458 691
2469 534
1481 1187
1531 516
1063 716
347 993
855 621
1583 1254
1088 1757
1663 357
1468 1829
1210 2800
526 1565
4 1532
328 192
677 2905
840 2388
2926 685
1772 411
2456 513
2497 432
1547 333
485 1311
1399 403
703 1546
2658 484
1338 1352
1038 2966
1279 2842
1321 1690
1893 2240
349 2406
1991 363
406 396
576 1614
97 684
822 646
640 2435
2846 909
1808 1713
2251 1553
48 1516
2492 2203
15 28
1667 2554
91 591
526 2180
2576 2277
2059 146
292 240
1874 2734
2722 515
755 1568
897 157
1945 2044
2690 2676
1959 1956
1584 268
598 2428
2457 2319
1547 497
2716 2225
1113 397
722 2849
1855 2663
1644 2569
308 2581
1119 2979
2949 140
1659 744
2153 2541
2321 994
1189 1337
1316 1846
1582 1067
1777 680
470 121
1607 2058
34 742
1039 2516
2939 1650
1602 1327
2842 1172
2219 654
1708 419
1728 395
648 1810
1129 2059
1627 2871
1921 2957
805 579
2863 1664
337 590
2370 607
1763 1096
891 1580
182 1324
1467 1537
2548 2834
2618 585
2110 1382
47 1486
2610 2595
2641 2717
1900 2293
2659 1431
2048 2678
89 2110
887 2167
1665 362
490 810
1535 1855
2879 2728
1879 871
1136 2405
2264 1436
223 655
966 426
158 788
136 2057
2840 1992
