10000 10000
274 2537
8686 8129
996 3194
9525 5090
1499 7500
5324 9248
4801 9360
3954 5053
8812 4457
2700 2281
4254 9189
4375 265
9535 4097
2337 4844
6118 6978
5214 7732
8357 3271
8048 6325
885 6751
7642 1154
9947 1947
3897 8924
952 1521
6644 6585
8069 5575
6208 3114
743 2577
5090 7413
4240 2697
5896 5335
6192 3859
6736 2314
8442 6781
2090 4250
4724 9798
4296 2475
6286 1782
4857 2823
949 2681
4473 6722
5352 3000
6065 3919
167 8325
4282 4077
577 8228
1569 3585
3933 8086
3217 6273
8915 1552
1758 7657
5861 7391
7034 6922
3805 8845
1288 3447
7010 734
9628 7495
6185 7446
5142 4706
3470 6876
4371 4096
5310 3837
597 5026
5647 8996
9940 6870
9447 6703
8304 107
853 180
745 1380
442 542
3664 6239
8996 9932
1205 2270
5846 2191
2840 5337
5421 1916
902 6197
2521 8467
2881 7123
436 3512
4025 3280
7997 9794
7843 9675
3402 9163
5844 788
8132 2629
7327 7531
8007 5694
6649 7896
8270 4675
2267 1643
7843 5911
9842 4403
9494 391
4004 1021
5219 1867
2116 3061
9725 1279
1496 8778
6940 6429
6722 8082
6307 1565
8892 4490
6320 3678
1272 3670
3027 9550
2590 7994
9674 3126
4001 749
334 845
5248 2057
3207 240
7686 3626
8409 1030
9349 1399
4968 3467
3511 9388
5744 1873
7667 9375
3946 1262
8098 1668
1140 1575
2398 1575
5375 8606
7057 2482
6407 6802
5029 3532
4179 1080
1827 745
7702 60
3181 7491
5359 4613
7971 3755
1928 2516
4512 3968
4551 6762
7523 4848
1765 8150
1364 343
5644 8503
4842 2478
5579 9947
4390 8134
4017 9353
3626 4280
6562 9017
3083 7546
2941 1420
7171 9131
6561 7430
7880 2333
7208 9319
780 993
6051 2499
1710 4390
7423 2346
4036 9354
3165 2193
1293 8124
1207 3610
1844 8987
3313 6929
420 9459
9019 3476
4526 3311
9742 8769
5662 384
9089 9880
8115 9062
3803 3544
4462 9118
2207 5671
4532 8489
4422 8896
8286 8061
5656 1518
4979 8673
4114 8219
1035 5125
1156 2030
2549 3608
9873 1399
2057 7169
6437 5629
6418 3888
8698 4300
7752 2652
3294 3795
8872 2661
2530 109
5146 9204
9079 3039
8719 3710
6732 3770
651 6198
5315 9877
1227 5435
3706 1057
8900 4080
7910 5438
9853 5129
8572 4570
7869 6051
8767 1423
8867 3037
6587 1110
1407 163
74 7646
8592 2617
5517 6079
110 289
8184 4282
957 5671
101 8883
7694 4360
4854 8233
4483 1515
8849 1262
1472 2079
930 2776
7401 4940
8751 4748
248 3552
1806 7123
4996 7757
6988 5025
6426 1006
5848 6907
2206 559
1770 187
1309 2602
1847 829
5915 6159
6458 3825
44 6116
5846 8970
7622 418
9215 6357
9832 5558
9895 3099
9065 139
5626 3534
1141 9572
3114 2545
111 7522
5826 1584
6313 7528
1531 374
7708 7646
7033 7268
5427 1387
595 1274
1148 5548
7727 5925
8544 7915
2558 1835
4983 4437
3307 1647
7986 9286
1836 7417
8797 3841
3171 9108
5615 9606
6138 7795
3555 1995
6448 2121
4890 866
487 691
7157 926
3836 159
7016 9626
3247 6162
1377 3170
9372 2932
3045 8862
2602 1687
3025 8663
1641 6747
2887 7446
7776 3586
9730 2674
8708 1896
6878 2438
1187 1567
2553 2308
3224 842
2038 490
1191 141
6166 7027
7865 4247
6393 2751
2842 7657
5155 5681
1559 2354
2447 5099
3971 9345
7703 8117
9497 6937
4910 2290
5481 8255
32 8311
5677 4490
7157 3680
5761 389
703 2865
8940 6859
3893 4818
9681 3419
5732 6159
4658 400
2053 3596
708 2681
3198 300
1980 4388
3855 7860
1976 5182
9088 8716
9056 748
682 9348
1420 1984
1240 2424
4634 5414
2481 1211
631 5407
9627 2690
1005 1364
2239 4086
865 9962
9484 135
4279 9104
1420 365
7876 4668
384 924
8697 5523
9672 3180
2648 1537
5728 5636
2702 4189
7050 2828
4621 2983
9153 1173
9293 3716
3154 6300
1978 7499
5506 1398
5304 6409
5840 5174
5135 5713
1245 5260
2065 9687
9509 5817
3288 5946
4803 9515
8161 8495
6515 2374
4130 6792
1658 8675
9321 6867
4714 9958
1893 422
8824 8076
707 6809
2837 1112
8417 6228
3245 2633
1953 1151
7016 136
2452 1721
6333 567
4810 9492
4962 2156
4935 1205
9482 848
768 3355
3351 7069
2431 8307
2130 8486
2469 2729
9154 1792
9940 4754
2222 894
7101 344
8436 8981
88 1821
3114 9075
6736 8142
5697 8414
3219 4904
4921 546
2673 6330
4429 889
8713 4089
6064 7277
3350 2434
123 3848
5003 6496
736 2281
9628 4718
2630 9151
1435 1880
4685 2738
8291 7525
8237 6164
3297 9989
3966 7521
5355 2736
9440 5594
3486 7172
6024 5526
8197 6677
7998 1978
8182 7475
615 4067
5222 6511
2238 6841
7855 264
9767 8145
2168 337
8826 7384
8888 8011
7475 2940
1583 6495
9545 3644
219 8173
2563 307
6875 9167
3432 4373
3525 5044
240 5037
1565 4721
6432 142
4935 3539
511 6277
2247 5355
9015 5278
7865 1209
1464 1597
6748 9290
4684 5349
1095 2211
7108 6808
1000 8819
6739 90
6111 4104
5691 2750
3082 2129
8103 1384
2816 85
2019 7329
5586 7372
4721 1856
9032 9278
1388 4368
3000 9971
9669 2658
166 8955
1730 3559
2362 1790
7346 6035
8975 4690
5035 8440
7785 8108
1763 6802
4201 6031
2495 5523
886 169
3083 2579
1066 5955
5795 3743
5074 5500
9871 1299
696 9925
874 1759
1683 7348
3150 2485
8799 1040
315 4515
6555 2644
4949 8361
5295 6694
7098 6422
3034 5133
7469 6527
8050 4318
1593 6810
2805 886
2076 7048
2801 200
3936 7531
6424 7589
3733 9270
2475 6675
4556 8031
1401 4112
3174 6680
3059 2432
8752 321
6503 7685
7806 770
3323 4015
1949 8877
3171 1429
2049 1367
4202 1930
804 8567
9718 5692
7307 6080
3105 3655
6466 2901
311 5365
5425 367
5890 5791
4618 1944
2756 8448
4968 9039
9282 3692
379 7269
214 3113
8211 4559
4303 4697
2677 6317
1077 3212
6144 8547
5849 7546
4491 2100
5860 4825
3814 9745
3092 7921
79 6244
581 1581
4727 8784
8846 2816
6299 225
1419 9524
9141 9147
7333 9968
6553 7392
6954 7299
758 4965
489 9945
5956 4053
9439 2635
8459 8687
5466 4641
6935 5424
78 4230
2836 7244
3961 6232
9105 2055
407 9831
8029 7096
1177 9154
3308 4861
3123 6891
1742 6443
5303 795
2780 9656
9463 5645
8969 3813
3265 3980
9384 8516
4986 2460
4004 1698
2697 1975
3566 1409
4708 6258
1222 7386
504 7743
6172 7606
8346 7140
9579 9441
7014 8310
9313 4445
1095 1100
9946 8531
3670 1382
7932 2368
7769 8361
7981 598
3634 573
9728 2182
6242 7917
1500 7106
3174 9712
7010 4037
1455 5251
3123 8203
9033 145
9335 9850
7389 664
2501 5507
6282 2385
2008 48
8549 8810
1504 5914
2009 1666
3011 4203
9258 3192
7758 1941
5192 9922
5636 7926
6839 1368
2226 9902
5223 6681
2473 806
3383 6466
9392 2473
3226 4576
4721 9953
9007 9418
692 8711
6960 7082
7978 4104
817 2597
1004 7785
3570 1758
7386 2647
5515 6972
7288 6988
5233 883
7104 4790
5521 4006
9224 1859
4453 9400
9824 1047
5117 2421
2539 1495
4121 332
2880 9534
1469 5110
3403 7314
4481 402
5096 7271
6414 2974
1908 1634
8891 411
2611 785
8713 1353
4723 2040
2863 47
8104 9661
6051 684
8545 1791
2283 6020
2986 8368
2104 2382
9782 9280
1912 8538
5487 2203
1584 5524
1308 782
2599 1300
8620 9386
8031 4535
1846 1233
6614 9007
8816 6111
2454 8325
5672 6693
6121 346
3863 9833
9676 804
8086 5424
2270 6132
3127 4679
2299 2935
5444 2618
7189 8451
4326 2048
351 2568
2977 7823
5332 9789
6201 2907
3825 677
6586 7942
9873 1880
1576 1103
6602 6254
2265 6693
3832 2512
7408 1425
1833 8162
5378 1983
6613 5662
8240 6423
4899 9796
1854 9972
9027 4297
1682 2931
6458 5623
3197 6288
2966 7403
1266 6403
7833 4338
7890 4477
5130 3431
7349 272
3045 9372
8990 5860
3095 1577
1086 2340
4073 6894
7636 1451
2016 3936
6448 191
9873 3567
5519 1229
46 7951
2571 3725
7925 3526
704 2684
1298 1496
5434 3887
528 9402
7059 2323
8139 928
4079 8443
5128 6524
9780 3388
7477 1777
5773 1960
6578 9658
7379 6122
933 1338
2826 3145
9690 7844
5418 8414
9588 4775
2590 3639
8278 5086
271 6206
9012 3345
8611 8197
4052 7646
5956 2181
4100 742
9139 1369
3792 5888
7669 56
6202 8885
8690 6420
4141 6751
561 1814
9275 1112
84 6008
1473 6109
2287 4113
7072 9179
7473 2484
5127 8464
6743 6120
3744 6179
4242 9430
3598 9302
7543 7825
4312 4916
7350 7545
4391 2829
1186 4034
2287 2058
3575 2880
5706 2244
7301 5826
2639 3059
925 9781
4986 2005
7435 9437
4687 3006
3102 5594
8529 3827
5867 900
1574 2556
6473 5978
5407 9182
2154 789
3057 6135
3928 3837
9478 4694
105 3853
2197 4217
8324 796
742 4143
2540 9856
3645 1416
2844 5931
2676 5988
7969 6342
2195 8304
4683 8553
7842 7590
7351 808
6521 2680
2926 2458
7002 1988
1132 793
1183 1946
4768 7858
980 6713
3405 9843
7727 9946
628 2983
5405 9047
4819 3331
2523 7668
5826 5642
4497 7661
7173 6803
6210 1909
7427 206
6186 5194
3999 862
9286 8690
9154 5440
1320 8708
9785 2425
301 7312
7506 5674
2559 7481
6645 12
6003 3877
8625 1503
8703 9522
6159 3023
9446 2964
8544 8767
8113 953
7943 7083
8382 7962
9780 5740
1516 1844
5322 3195
5097 8246
7620 4273
6295 5306
6589 8591
3362 6890
590 1855
1541 1776
1819 8392
8832 6475
2267 6932
6448 6760
630 5520
2018 468
8853 1380
346 5958
7811 5584
9498 2560
4072 8130
4893 9338
878 5720
7338 7199
3717 5193
7118 8459
3870 7307
55 9454
9177 3695
5264 6368
4143 1161
5554 1968
3009 5947
2820 6410
975 403
7585 1746
7509 1389
2175 9289
5092 1866
6489 3311
6993 3570
4647 1465
2671 7058
9391 9703
7224 2303
7870 8306
5561 5360
480 4715
6650 5826
1864 1064
5472 8027
6641 5533
4638 7211
257 7963
9157 684
741 8638
5616 4138
4717 1391
9159 627
3432 834
2160 6498
7302 3137
6443 3252
958 9155
4688 3278
3400 5415
386 2038
7160 9106
5826 8162
1418 4913
6832 8650
336 5663
4463 9832
1888 8513
7524 2127
7348 303
319 6364
8217 5933
5771 7271
827 2487
5349 5347
1328 2685
7355 6602
7200 4543
9980 1381
7222 6146
2109 1487
2471 9175
1322 8701
2855 2363
3770 424
4277 5079
5704 2817
3494 4633
843 2999
3475 5256
8212 8696
5946 4672
5812 3910
5634 6122
3102 4472
4855 463
4658 7674
3513 5957
5188 8205
682 3899
7279 1263
662 2913
5424 7983
3989 9087
7893 4532
5232 9409
1887 8963
1843 4378
3935 4900
4135 4334
6892 488
4726 2662
2954 9969
2914 2212
7263 5875
7134 6485
1848 1520
6571 3326
1878 8065
9563 4046
6854 7964
2290 635
5717 1416
5503 2081
2315 6229
6823 2094
7061 5108
319 8058
3325 2856
6587 2598
2884 8399
4548 1248
4389 5326
1080 9381
7421 9844
2930 1420
2701 1738
7589 5084
6710 4896
4406 3433
3408 2603
5905 2360
1451 7586
7650 9314
117 4394
2859 6529
675 9827
8741 6800
8266 7005
1985 2554
9746 6167
114 4792
9838 3012
9602 7413
1552 4064
729 6981
3483 9203
7577 222
5105 9006
3761 9316
528 2998
6601 2181
2138 8754
2324 868
6332 7634
7301 7905
3968 4886
1779 9714
5224 8657
8216 2055
1775 146
9284 6901
1668 6309
240 0
9433 1323
2781 3808
9351 4598
5319 8740
9384 1205
4466 7457
777 3821
1333 1079
1362 2684
227 6267
2827 3862
9519 1369
6522 1459
3129 1006
774 9600
3766 15
8201 7889
7177 9128
1305 4559
2016 4274
1451 8912
1777 9652
8352 4763
593 4606
7413 1232
6191 7673
9649 2714
1361 3624
8209 6743
3824 5589
5542 9360
9439 438
4741 9409
8170 1691
4463 6356
462 6572
719 277
6809 4262
4227 1645
2656 3263
3778 1171
9683 7304
5860 2951
1939 6869
5356 7732
1625 3156
7184 5412
605 4303
1821 0
3029 136
6544 816
9346 9776
1004 4125
6911 513
2458 3311
2569 7301
4394 5845
7309 837
6176 1186
345 8713
6485 1684
3285 6800
9324 1748
1330 1651
8146 6798
1550 3260
4015 3018
4823 3231
9708 5059
1498 1238
8248 5922
2036 2928
1474 280
8667 8702
4096 6610
9594 8283
6052 9288
5669 2036
9827 5671
555 9892
5815 7516
1813 5752
2506 6336
4428 6609
6633 1193
1610 9923
2648 2407
2274 2812
8815 9465
6918 9203
7476 3319
249 3368
208 5131
7179 4353
9659 6599
8084 8185
8000 5780
4920 5115
5855 4054
2207 1638
6154 879
5509 5675
6056 983
5539 109
8787 2456
8538 5836
355 3399
6745 5330
9128 7546
1204 452
2800 8937
7163 7490
1934 3843
8313 6044
6619 9216
3412 2066
830 3042
3971 1017
2780 2758
6976 3615
490 2593
3208 590
4564 2876
1277 4841
6731 5407
8944 5267
8362 9425
890 4080
4086 5291
3998 7589
9278 4639
6094 2620
4270 7143
5585 324
4 2308
2384 2110
6343 4719
5369 1254
5270 4971
6682 4754
2276 4669
9523 6352
4665 4087
5101 1309
5859 7933
4630 5284
6544 634
8949 6404
6 2982
7873 3517
885 1001
233 6203
2035 2145
2951 3492
6930 7335
7430 594
1310 3101
167 784
800 2839
9543 1395
5609 6080
3820 2091
4950 9275
1303 9535
9173 5860
5259 9232
4266 860
8838 1957
4379 6730
6859 3744
1945 548
7867 6393
6904 2767
783 3905
2305 9495
3188 5918
8140 2231
2964 9990
6094 5375
5998 9257
6878 3226
6167 9013
3315 6556
5818 9116
1735 1418
81 101
2242 937
8443 2742
6730 2862
7868 1725
2981 3526
1043 2466
8085 6509
3988 3883
2628 3683
2667 2467
3462 5966
4438 7670
1569 49
8838 6511
2126 6836
8931 2040
7937 9839
1441 4413
9996 2897
8663 7973
9303 884
2423 7976
2506 763
1780 5124
998 8675
6607 3746
4608 7206
4732 940
4205 3943
2046 8782
4519 1383
2435 5568
1244 2823
6570 4242
4922 6666
6135 8906
2368 7141
8637 1016
3921 9559
939 5287
2030 5799
2548 322
4890 8551
8884 537
6727 8556
2623 9110
6288 7266
3732 3079
581 4256
1046 3927
3718 3899
2627 9898
2514 101
7412 7095
2564 3771
140 5173
874 535
6157 8392
6121 9303
1058 337
663 9327
8002 7218
1592 478
7458 4033
4726 5198
4615 4581
9850 891
6539 4175
6893 5735
166 1987
4934 7347
3247 3529
3715 762
3860 515
2704 5771
8662 135
9752 9666
4816 2367
2075 5053
7364 3346
261 3040
4935 515
4361 7480
9639 9997
6500 7806
9013 2880
6573 4551
1949 9513
5628 5355
1088 8277
9550 9491
8476 7194
9694 633
8419 6908
5555 9105
1753 6756
9236 4654
4724 3277
146 6525
5194 6598
6285 9821
2715 3407
5623 4251
4280 1142
6837 598
9742 9180
429 9162
5283 6311
6892 8338
9686 64
3765 1780
5775 7213
150 4996
3010 3055
4772 3627
9648 6972
7381 118
7658 2937
4098 6735
1339 3391
3152 4979
416 5555
1598 765
7364 6129
7836 3052
2743 4389
1187 5338
2078 3366
359 5694
2625 1068
195 4252
6280 9505
6161 2267
1321 7344
7484 9245
2458 29
5611 491
1741 8169
3451 6178
1073 9307
2456 6200
6801 5589
4830 2522
8475 8791
8009 1004
9129 7472
4812 4986
9574 8304
5356 8941
8839 1035
2628 8415
6797 5914
5884 7704
1228 4026
8413 4243
8360 8723
782 8784
1241 3236
5792 6203
3685 4453
429 8474
1507 301
265 8511
4367 6502
3150 9866
2230 4979
6103 7421
9477 3527
9311 9135
1907 2788
638 4602
7385 7347
5476 5026
876 1858
433 3733
5236 3064
6377 4269
6236 3791
9930 2758
5137 5269
1432 2824
3880 348
3177 6630
8146 6996
528 6460
9242 2618
1845 4973
9263 4295
7446 4762
4649 981
9735 4292
338 9033
4839 9873
4005 7029
5847 3142
1871 932
5732 3382
8455 4548
6489 3604
654 9031
7117 6983
9460 599
8972 4370
7429 2158
4403 4824
3089 858
2860 3948
5190 8957
1567 1188
9788 8012
3302 2350
1556 2562
2681 4363
4453 5761
5502 6058
9507 8868
592 9848
5183 2835
6718 7481
3408 9357
8950 6686
4265 6174
3397 8379
6941 6275
1031 157
2667 4748
8390 8134
8016 749
2092 9780
4400 542
4827 7892
9780 8242
6318 2619
6617 7141
2918 9958
7295 2272
2740 1982
861 5827
4301 3
1737 9804
8617 323
7752 5247
2972 9999
2466 6878
8233 4629
9343 3046
7785 8341
8520 3928
5822 8276
3615 5529
2243 5975
7945 1394
1755 517
807 5793
1642 6998
7118 1635
9770 7740
8276 3010
3070 7966
3163 8747
1734 5442
8107 2061
9872 8398
581 4730
5006 156
5709 8676
8328 990
843 2464
6005 8511
7874 5172
1324 5025
2223 1447
8565 2407
9418 801
5595 4382
4608 2180
4629 7976
1374 7765
5566 8256
1161 9067
6617 4576
9007 6661
438 4625
9882 4975
9758 3084
5719 8298
9845 6119
2238 631
8011 1304
4763 1191
7104 7526
3994 4384
8456 2246
812 7792
9279 3885
7292 3957
16 13
1319 1719
8934 5878
7550 6542
8394 5104
739 5063
8848 9221
5073 2165
9679 5578
470 5738
1065 809
3734 6342
1171 1239
9367 4240
1578 182
4987 8450
7143 2921
6878 4639
1414 6634
2895 7040
9794 6903
4550 5581
7840 7090
577 6529
4939 5945
5844 888
4517 2209
6466 8706
7663 3553
6451 1901
3032 2300
7319 1630
2622 2156
835 2958
4701 5628
8502 258
8616 4975
7914 8002
1027 5292
4261 4462
8598 2289
5331 8452
7930 2920
2179 5344
7804 570
3208 5450
3329 83
6424 1657
1606 2703
2592 717
370 3182
7153 1473
4300 6441
4188 4863
6475 2324
5215 4729
1729 9049
1691 7575
2747 897
9542 3585
9047 8034
5211 8435
4707 9273
3487 9095
2057 5666
8982 1632
4180 522
7485 5857
3940 8032
7088 3225
6901 1790
228 1263
4636 9959
8742 8606
2299 5636
4217 4590
3728 5479
3715 3126
7573 7560
7183 9085
3768 8786
2260 542
8418 9415
5366 8556
2069 5517
2917 4957
3967 8003
7722 5132
8507 1166
5886 6572
737 2381
3908 7007
9525 7602
6387 3768
5369 833
3461 6266
6941 6833
9155 5985
9772 3916
1556 5609
4578 145
3420 6003
8948 1519
123 1895
9537 7935
8295 4341
4064 5918
4343 8264
3372 675
8199 6946
1025 7382
2869 2046
3724 7319
2742 700
9312 7022
6329 6773
8686 4764
9889 322
1107 3845
2950 1907
2615 612
3005 9024
9165 8207
3388 3663
4325 8317
1625 1101
1167 4995
9107 494
2884 2969
6729 6961
401 8722
5175 4822
1084 7055
8112 9399
596 7728
1907 8512
1965 3491
1212 7507
1742 4696
3761 6010
6854 8928
5075 3079
4522 5228
1356 2927
747 2785
6341 2915
6188 8744
9783 5058
4467 574
6556 8820
4643 6271
4755 6678
8772 6556
583 151
4711 4772
1752 773
7364 7124
408 9707
9581 2406
5212 3953
8834 8064
240 6380
3989 9523
2739 7259
5781 8376
2057 8553
5933 5655
242 6149
1167 9713
4434 8247
2444 5687
6785 6858
8752 6643
5708 1306
7794 5026
4569 362
9398 9900
219 8309
9483 9181
9245 1163
873 4396
3447 5927
4261 9876
8677 2636
7373 6596
6839 7574
4044 7980
4788 2395
8601 9219
5354 2945
1045 2974
9294 112
949 9752
3325 6791
5660 5994
1141 8157
8772 4326
3066 5517
4157 5282
591 3333
1713 8349
7173 6534
3488 5525
1656 7152
6372 8566
2243 3130
91 4691
9150 6612
5292 5780
2678 9997
8956 9430
9164 9366
1623 3577
5785 903
2410 5015
7977 1907
6828 4772
3040 8391
4850 2072
9675 9274
9306 9485
830 9649
5997 7094
9381 3125
1655 2124
9428 9467
9215 2738
4263 9914
4047 7669
9382 6650
6163 5313
7084 8089
7465 6365
1365 721
815 6061
6075 1574
8878 1613
5449 5085
6212 4715
8249 7417
6804 4554
4910 4977
7421 2208
637 8772
9140 4946
931 6284
6532 3075
6943 9956
2270 9920
7477 5562
2327 1230
2841 7496
9492 9164
4370 6724
4495 6485
8723 4246
2311 6611
9302 9213
147 6173
4668 8663
346 8122
9658 5048
7667 9914
7640 7685
496 5008
9252 5810
1638 8315
9388 5681
3089 5377
4282 8567
3245 6752
2255 1660
4503 3037
6648 9408
6334 9417
5254 1696
8326 5869
2426 5239
9036 4471
7337 7097
9701 4993
3837 3378
9414 990
3798 3875
177 4357
5396 8003
6379 1408
1141 3810
8694 7038
4768 791
9219 5589
4037 7874
3352 2400
8342 8811
8166 9270
2263 4623
935 4174
5617 2863
7612 8555
4541 7106
7184 5244
2968 1490
5423 2698
6526 5950
872 3190
7471 6591
897 9796
6921 7639
5208 9981
3431 3797
6216 1772
4421 5878
8499 5407
2230 4577
2216 5597
199 5234
942 129
6696 3613
5454 9695
3694 2055
2880 1327
4022 8009
8765 3755
793 9523
8009 90
5530 945
5939 4331
5510 9168
4859 1414
6961 4372
7956 5196
7438 4840
5517 1877
7757 3608
5819 897
9220 8713
3945 1129
5682 8041
826 5991
4716 8025
9130 706
9023 7381
1429 8841
3686 230
4177 598
4836 2111
1502 4572
9250 2314
3971 390
6289 2093
9202 3206
2628 4143
706 8808
6366 5607
8607 2733
5422 9450
2118 8763
9321 2311
2487 4409
1664 2859
2870 3498
1579 7055
5350 1771
4616 6393
2980 3633
1970 8209
9403 4581
9923 2324
7912 4137
5306 2751
6454 7278
8126 5352
8558 3133
7227 5235
305 4052
3496 644
8375 3304
4797 1790
1931 7436
5120 3612
7996 1874
5313 928
478 3696
9067 5686
1954 4084
2981 3899
1718 3681
147 6878
5284 877
6113 5554
5917 7593
5098 1493
8036 9642
9918 5733
1668 4194
6315 1857
8675 7575
7870 8587
2592 3947
4751 5751
4925 8535
7119 5739
8741 102
6272 6559
2044 9261
6474 3435
1467 8445
7626 1007
9264 5427
6705 7094
2501 4855
9795 5212
9092 7244
9031 5124
3584 6916
7377 1688
2130 3191
7824 2141
5991 3540
7262 2373
5455 4003
3840 7867
9089 6589
5913 1494
745 6587
6858 6974
6080 9733
2877 4497
5050 6315
2933 1135
2857 678
8176 7026
9754 7744
5869 7192
7885 2407
1732 4817
4833 1891
9585 3798
1293 8091
2051 8819
7051 7969
4339 8525
9977 2437
7653 8637
8097 9495
828 1677
4013 5144
3529 6315
1945 2728
6157 1249
5361 8290
1395 5851
4889 6405
6252 9860
5966 5063
2322 5836
9280 7448
6233 1884
956 730
6304 6702
8021 5797
317 9706
8151 7313
4345 9614
8584 7393
5804 6837
687 8802
3510 8546
8010 8190
3199 6043
8963 2358
5123 1683
8484 7047
8234 5431
4508 3011
2240 4213
888 8544
4383 6680
6209 2619
4117 8600
380 797
7112 5433
4081 8771
4435 2726
3906 3508
9285 8815
4520 3584
3799 5731
3325 6810
9933 1926
2964 394
413 239
8727 3786
6831 9066
6506 2946
9853 6183
9704 2042
3555 7385
5460 6878
5204 9389
3392 9101
6594 1230
7804 7074
3458 8818
9414 3911
1633 3701
7011 7520
6348 5611
7924 1083
5082 995
7096 7383
8719 7624
1450 4388
18 4511
4966 6980
2844 6379
3509 9560
8426 3827
2001 7140
4300 4150
9077 9370
5689 3153
6494 5940
9909 1403
9841 3473
2515 8838
4326 5977
2715 5821
3593 641
4120 500
204 9473
1628 554
1693 6739
195 7921
2252 6290
6621 9828
8496 3584
828 7100
5122 8827
474 7828
6221 8744
6245 1258
3750 158
8846 7000
4636 3459
7043 4059
4974 3943
6379 4584
9956 3113
7431 702
6028 9867
164 3551
9199 101
1634 3028
4291 3414
5460 1794
3359 5335
665 7393
2530 9697
329 6469
5393 806
3909 2117
6656 5178
9476 7491
5186 4009
7345 7694
7194 4586
8857 2644
4548 4810
2082 4210
1287 7424
7302 5317
1742 387
4114 4118
9951 8248
7143 3341
1582 5825
1807 4170
5380 7856
4103 2245
8971 1223
7496 7367
1239 2174
5493 3201
8476 5094
6024 5599
1305 4312
4414 2094
1850 4328
4815 7044
5299 7881
3179 3297
8303 766
1552 1987
177 949
2226 8654
1486 9186
8710 6857
1634 1295
1035 3407
5917 3252
7099 9312
4491 8444
9661 35
402 3681
4077 1623
5018 1183
2650 3970
1622 7023
8093 349
2456 5106
7655 3252
7273 7134
9870 9511
5609 3936
9005 8505
8379 8893
1116 1996
4701 1145
7576 3784
2003 1602
5891 9910
6160 8470
8899 568
8737 9933
2806 9293
9372 8262
641 7194
3282 4452
9884 2395
1571 1377
8280 9055
4674 9466
7523 9024
204 240
4113 773
4174 3803
8551 9631
2481 5742
9490 8967
1922 2803
4994 3281
6499 9578
5893 9070
8613 9388
5510 914
9122 3394
8290 1960
7147 9492
808 6413
8432 9020
7523 4145
1975 4124
6826 5844
2379 3959
9058 2844
1527 9290
941 2778
9459 3705
975 2302
8133 1897
5786 8685
6373 3515
9051 4053
88 8212
2719 9231
7874 395
8304 1765
6199 499
8027 101
6721 1751
4548 1146
1028 2098
7404 7472
796 7225
6232 648
4230 7878
644 667
1420 6462
3437 6399
4888 5883
9113 914
3078 3522
8440 2401
637 8964
6478 3158
3461 950
7301 6858
9861 6516
8361 8369
3625 388
2776 9714
9879 8450
1620 8629
2944 7949
5376 6742
7669 6951
8018 7080
4463 5341
5846 8433
8136 7830
9941 3745
1958 9265
2134 1787
2156 6013
5344 7179
568 9234
7883 389
1775 7818
6563 8585
7148 127
6681 8770
5795 6898
7189 8708
5186 4932
6907 67
2346 7647
2830 1015
5404 421
4240 6771
2034 2183
4564 393
4095 9576
556 4554
895 4254
3918 7069
438 6392
6170 9451
9799 8067
9836 6869
8352 238
2747 3746
5201 2535
7640 292
7247 451
9807 7991
243 1760
669 4603
1228 5625
3844 9530
9300 3936
9577 3926
2424 6393
5932 2320
6498 4001
1000 2905
4056 6329
6595 1740
6337 4954
6328 3437
6682 2611
2708 9742
2105 917
9482 6245
7297 7100
2378 7194
1380 8824
3587 8796
1796 2225
2663 4759
9606 953
7674 7289
3893 2547
1686 7017
5423 5627
9903 8827
4249 1479
6110 1121
7466 7234
4172 6042
6790 2512
4029 3569
3128 458
8362 3747
2819 9545
5933 928
3731 5670
7340 806
6867 6260
3143 7402
2226 959
181 467
6367 618
8052 5995
7659 4370
9184 4237
3429 8827
7644 8411
9933 2387
9677 4820
6894 3851
9047 3810
1774 3576
3742 6507
9618 5574
300 684
9815 4873
1455 3638
4876 3501
3931 322
2135 8830
2747 5647
4815 3272
1236 3707
8266 6694
2600 8328
2369 2762
2475 2271
229 6886
7887 5396
2513 9144
8078 3202
697 3412
2504 2525
6959 5614
9341 5621
5337 612
719 1053
452 8406
7873 3146
2079 1444
8367 5460
2718 295
5242 9671
7884 4330
151 5716
4286 8762
1456 8792
278 7657
2269 2187
882 9439
7944 7139
7161 3161
2372 6848
4733 7579
9084 6361
7687 1780
9667 1466
7722 3283
5949 3776
4460 4607
2905 8325
8900 5432
8203 4322
9458 2267
1992 9247
6755 676
7913 6741
6929 6736
4581 4783
3446 9339
5464 9568
3709 219
992 9525
9418 6100
4562 1530
2578 3991
1197 7680
4441 1460
1933 3628
6265 1512
9875 717
6248 1966
3531 5721
8852 1863
3044 9177
6750 7056
4631 4579
7432 7634
4601 6491
8207 9080
7004 9400
2336 1809
3683 2388
7236 7738
5531 380
6606 7854
4351 3362
3186 6479
6592 546
9671 4190
8900 2695
1905 1412
9329 6360
7935 3910
4859 9573
2646 5400
5188 6415
6135 3450
1783 8409
161 2712
1361 1247
7985 2560
5715 145
8359 234
5510 9188
2322 7197
7281 5679
6148 8069
4167 4702
715 6164
4746 1019
3045 1146
9254 9513
7329 5269
6517 6654
2936 1774
7237 2329
1099 4972
6602 5961
2331 9800
2573 7097
6954 3532
4445 7287
9881 8749
5584 167
9750 1808
1909 41
5967 3667
6021 4062
9687 8545
1167 3195
4546 723
8387 7826
6346 3114
5416 7294
1332 6680
845 3580
3235 7462
6315 8570
8619 9714
6524 3562
5219 471
2295 152
8854 8258
1791 9352
1497 946
5253 7647
8677 6168
2302 6986
7306 9260
2353 8439
2670 4966
6594 897
9973 2396
8263 3254
8052 1185
7756 3352
7271 4867
979 6006
5147 9493
7207 5167
475 9758
40 1004
7755 7803
1097 5157
6288 8635
955 6847
3810 6418
3607 6937
4769 1473
2184 9961
2303 897
5479 4658
5995 420
6686 3831
4897 4642
264 5834
4197 4778
5141 1473
9251 715
6077 4605
925 2119
4097 6133
5296 9661
3807 182
4151 3602
3291 4547
3210 5800
2991 3936
755 6658
5488 3077
231 3118
5252 840
8063 8806
1274 6155
2004 6334
6295 3661
1940 5629
1346 7023
4954 6840
9313 3820
8044 8568
3681 9119
7024 8274
579 3743
2084 5044
1248 2929
8325 2813
9038 1820
6472 2523
3273 152
7785 3868
6212 1092
8187 2078
758 3869
4593 1331
3374 6988
7241 55
3254 9780
9813 7352
1076 7953
3972 6720
9128 54
3190 2580
6468 100
7550 828
4062 4937
3183 2662
86 2251
1708 4659
3410 6113
5469 1663
9555 9225
3362 9614
3583 1817
417 503
7621 7311
1194 5522
4543 4905
9632 2563
8286 399
1996 1740
5657 9145
2280 7351
9859 1143
6031 1369
6647 6276
1261 2168
8405 4659
2131 8539
4310 2509
9689 3561
6737 3170
9771 6246
3007 8548
9013 9911
2042 6171
8177 1341
3116 3671
232 1802
5023 7340
6734 6657
9047 1147
1069 3093
1468 9203
2468 9774
5930 3255
1093 9087
3252 18
4551 187
6839 7606
2566 3839
2850 3392
6508 166
8466 9077
439 4728
8279 3489
3793 2691
4685 2488
322 9682
7810 5912
2316 8379
2540 2105
6813 5926
6031 9287
9631 5340
4544 8191
4760 4212
9096 5664
2605 7940
1873 264
5848 9993
2137 6480
9918 1596
4075 8358
8144 8822
1952 81
9893 1722
2925 2523
4752 6772
7553 5374
2958 4354
7493 3414
3755 3949
9576 4230
5787 5750
4123 750
2382 4043
4837 8551
9037 2896
761 3231
1444 2601
5312 2486
1585 6709
2053 3267
6057 5210
8886 2792
2150 1277
2324 4444
5535 6620
3568 407
7942 3208
9307 8285
3951 6192
921 5061
2698 6087
957 7648
9709 7103
3671 7410
6080 1735
5044 790
4024 7951
8597 5338
6125 6327
8945 4968
5108 1186
7748 8375
2703 4639
9086 6555
6504 8960
6175 6546
5305 3020
7823 8145
56 7617
2925 5551
4909 398
215 1596
8260 9967
9257 5665
9632 5683
2440 1252
2207 9488
3849 5187
4649 741
6446 3599
7904 1318
8424 9367
2247 9538
8193 7821
6483 5788
4771 7362
3960 4585
9127 5748
2735 518
7440 7355
935 9367
4238 6519
5796 691
5432 967
6281 7465
5963 4990
5498 1060
7584 2991
108 7535
4105 772
8515 6282
7906 9597
2032 6630
8773 5304
1674 4490
1818 2309
1541 9749
3187 3438
6488 8546
3574 3100
3758 4674
6156 8178
8685 2607
9139 8643
9304 7377
8381 8487
5725 5494
8222 2184
8973 4900
8478 2484
3295 7443
4781 538
4757 9144
4724 441
3010 9030
6770 6877
1370 1312
8624 5589
6081 632
377 3943
3404 9429
1628 6089
3065 4648
7118 738
7202 418
4690 8708
7688 8982
885 4686
1448 9419
5952 1366
1917 8881
2033 7498
7546 6631
1542 7695
5859 175
8151 9545
6115 993
4515 8863
9281 2274
3984 7607
9477 7723
4152 7888
5813 6624
7139 6547
4958 5126
7655 7856
664 949
5211 95
5083 1130
1384 9051
9226 4643
6529 6726
8901 5670
6478 6282
9055 9523
283 9831
3805 3824
8626 7132
1754 5913
6045 669
5584 5985
5160 6077
6373 6927
7559 8801
321 3954
5988 3989
3454 6532
3131 6652
7173 4681
7421 8767
8905 6357
3064 2213
520 9585
8754 2457
1181 6855
7846 8051
29 4258
4139 8699
7 4514
4197 3140
7091 6770
1226 6051
5589 4861
4799 1404
3460 5252
9932 5417
1906 3812
8510 5635
9299 1617
9089 8156
645 6304
2781 3955
5206 8291
2493 258
5910 124
9069 1423
4213 9960
6914 6445
4946 7541
5874 7757
4203 4611
3352 9305
5672 1963
4482 8350
4722 8528
3704 1037
93 2715
697 3669
4197 4028
9302 9532
4402 9001
2125 8356
5461 3876
2977 936
8517 6269
3456 6134
8378 3045
5500 5256
2393 3297
8896 3169
525 5757
6090 2609
3573 1042
4275 4747
7342 3339
4575 7491
8361 7857
1476 1097
2412 7850
7002 7821
4453 912
3632 9539
4903 7634
7628 3491
4624 310
3657 1199
7388 9245
3445 1168
4979 4634
9467 1308
4402 5830
5451 5230
9298 2781
3307 7317
4857 2359
143 2412
2448 8147
3961 8156
6790 8852
6528 9301
2441 9610
8960 3214
6055 1830
3770 9817
8760 2869
3810 598
4808 6989
1664 4259
3655 7070
3680 3744
6976 7656
9399 9249
8075 5440
8300 938
4113 5018
2813 7353
267 9565
884 7579
1028 4780
7332 1900
5066 6319
59 274
6596 5956
3496 8419
9102 678
6890 158
5359 9696
821 8649
8798 4426
6079 9657
5284 6991
3930 6508
8383 2869
16 705
4330 530
3249 9637
5187 4437
5594 1666
9460 3151
6780 607
1374 162
9981 9191
5078 2476
5249 6670
9505 6707
9713 6284
8522 8304
2847 9035
9928 8647
5128 5550
7510 1077
5721 3442
6821 3676
8735 1993
8709 9386
3116 6037
6321 9979
4172 2067
2821 7924
847 6999
5917 8556
4876 1443
8803 8157
8191 493
4521 1575
2637 9875
2721 8298
9675 3252
2866 6872
5964 8074
434 3889
9968 601
1694 6726
9096 3076
4268 1379
6288 8808
6830 8343
6445 2970
8633 94
7722 8501
927 6223
6684 6019
937 6219
5584 5207
3848 6205
3010 8361
151 2878
7966 5755
9364 8715
9304 1517
194 6885
11 7477
2206 9230
798 2410
2027 4227
8152 2469
7340 2192
6732 5879
5653 2380
9899 5209
8442 0
4623 1873
5782 2462
6699 5968
352 8673
6919 3077
9068 8666
1533 5600
4847 9479
8729 9920
6168 7523
2206 2584
158 7374
9122 7799
8758 2060
6106 4471
2565 8844
9607 9089
2971 915
3507 2279
4746 3741
1577 2471
6998 7951
3783 215
2681 6080
2024 8395
6126 9630
7212 6984
6170 5676
5946 6442
5894 8761
1378 7159
8869 1104
7650 392
8556 1210
5221 2266
3904 6476
5782 7701
6859 9420
10 9644
4310 773
3203 1653
6519 9429
4014 2642
6680 5539
7917 8038
8879 1641
9849 9371
8204 8066
5743 9077
6377 8079
3827 2768
4516 2288
2474 7114
3167 2983
9038 2888
8878 4051
2492 2180
2484 5278
196 6623
4131 3597
1744 1953
1315 2802
3398 7418
8338 9506
6389 8341
633 1397
2178 2655
5423 320
3951 7557
4935 5038
7214 2581
6742 5806
9583 3076
6871 7847
1255 5243
2006 4358
6988 9317
425 3830
2517 1471
1967 8739
5896 5679
9537 8192
5253 8887
1531 1608
3093 2076
7764 4078
5691 4573
7154 881
945 9776
3995 4105
9765 2784
9258 2862
2789 1772
6941 4130
6369 8352
2083 3497
4369 1456
9081 9349
1795 7520
1911 3322
7806 3491
6188 6437
9829 1643
9786 9255
0 8242
6602 7763
7809 1842
684 859
2963 9122
0 897
6960 9624
1824 713
9896 6710
4417 7648
7275 7634
2586 7446
280 6338
7647 5269
7893 4914
121 1633
7610 3288
2613 7874
7546 1553
7674 22
1546 9770
5491 7315
4501 4846
2595 9193
4434 3758
9917 6920
9820 8193
5917 2983
5582 2172
8313 5268
2767 1199
2486 7871
8380 8443
3037 4883
9766 7757
7485 1707
4619 5493
8547 6424
8127 7610
2946 8141
8469 9948
1351 9668
7786 3859
536 8546
3942 7530
7718 804
5424 4093
7150 3541
5090 972
3524 9118
1005 2344
6007 7115
7873 8373
8852 9018
8664 3105
9174 7760
7478 9801
1275 5918
5589 8647
1583 7794
5413 3195
371 6072
2394 7198
4271 9567
2912 402
5368 1189
4613 2867
1367 5596
752 278
990 2572
9697 7359
5098 2202
4960 8064
7707 6258
8533 6862
7096 3024
3388 2937
8224 101
6108 1918
9210 2960
5787 2626
4508 9253
138 7592
2106 7573
4861 769
7529 1394
7084 7828
749 563
3371 5897
5778 8546
7969 3870
3150 9547
9992 8328
1584 7982
3390 5081
9954 6496
2298 5604
8308 6936
8559 8462
6625 4331
7030 3999
220 7823
9810 6426
5180 8945
8779 1951
8361 8298
5348 8373
8196 6536
8242 3472
4890 1413
8822 4161
7754 7982
1796 4712
1596 1506
3769 8954
9713 2299
9383 1020
4001 2983
353 9046
9240 1621
3318 1787
3280 4849
4484 3513
2451 167
8527 7286
1112 5071
8668 3732
2630 6016
6067 1583
3579 9172
4227 2948
6332 519
5194 1293
9000 9522
9283 6993
6689 4262
4007 2082
287 2208
6155 2174
5905 8173
6432 2470
7421 6336
9933 6154
7629 8393
5736 1774
5248 7622
3289 218
6321 7940
479 7264
3138 8156
3035 3053
674 8563
5913 306
3954 6681
9131 5559
8346 6691
1736 9266
5829 5010
1140 9380
183 240
9244 4856
566 6051
4487 7810
236 191
6309 9760
3297 4366
2879 5447
2682 1619
7536 7501
4006 3637
3103 6117
7853 5462
7919 523
2761 1788
123 8214
810 89
2165 2934
71 5914
215 5183
1047 856
8759 8365
9245 3520
5138 4865
2481 3116
3687 7180
326 3964
3588 4094
268 7005
1930 2403
1735 234
9356 7667
250 1855
7279 8470
6080 2001
448 2026
9453 6712
3267 6117
1073 5072
1999 3322
9126 7900
2770 3631
2201 8346
8833 8156
2423 4416
8175 6033
2516 8720
2115 4552
4034 2728
5422 1003
9516 2050
585 7119
6045 8543
7346 4573
886 3652
3876 8590
8276 5801
9561 405
852 6993
95 7734
9522 8081
2322 9024
1055 6243
8440 8896
4652 1901
8425 6679
6572 9476
310 1904
639 5661
4660 7010
29 6225
6586 1482
5624 7305
8169 3272
9313 8465
3149 1176
2047 9699
4451 6748
6152 5019
8565 3449
1398 9617
5264 1332
6779 9454
7862 1881
6232 685
8529 3644
4185 9416
3806 2111
3834 4772
7772 6672
7096 456
1840 5668
457 3061
6590 8930
1081 7466
9089 4013
3095 5061
4080 4514
7630 2011
8257 688
1530 8856
9032 8472
5596 3880
6502 2404
9675 9742
4039 4447
3453 9969
1726 3967
7026 4075
7282 9344
5819 8168
9481 5519
7828 2699
1834 9731
722 5156
1385 6139
6173 4070
6090 996
5851 1797
3606 6651
3205 8594
886 9908
4985 5917
4514 5243
9137 4147
602 7269
6657 2556
1704 4572
6391 625
8007 9308
1151 2124
5192 3655
9431 8207
8178 9950
854 7645
6289 2653
1954 1035
2905 1741
8557 6400
1395 9509
5754 5960
7194 7546
8732 5005
6648 4965
5528 5621
7694 1256
3413 4452
3005 2259
3746 9368
9630 9654
6484 2684
5647 5157
9676 9777
1609 3994
3733 4900
6550 9535
5544 8109
925 1228
2286 2232
6077 3946
254 1561
7113 9489
7483 8448
8033 6571
86 7427
1202 7951
5288 2523
4821 8599
4604 1954
819 9796
1834 1049
705 5343
1817 5086
9662 5518
4807 7666
8545 3307
8492 3037
180 5119
1904 5275
366 5309
2728 1205
6224 5030
7699 7414
5475 2502
189 157
1113 2375
5883 8266
9091 3205
7827 7140
7877 4493
6622 2888
2987 101
5596 3431
5639 5151
8110 4441
7362 2505
3042 5284
2077 7507
7415 8564
1150 3093
6371 6784
2679 1922
8878 5477
2423 1160
1353 2665
8868 4734
1925 7440
5964 1843
6616 5114
3239 3323
1301 3495
5235 4573
1176 5860
4236 8008
330 4127
4753 8346
7276 3431
5854 383
4294 9571
5034 5525
5870 1545
4814 8986
4446 790
6978 9384
2472 8629
6849 8621
1147 1302
7647 9140
5700 4785
6780 8181
3211 9463
4466 0
4464 5288
9165 8626
4658 7724
5802 9623
4486 7863
9685 4034
4485 8267
3403 9650
4158 5672
855 9452
434 9216
8197 748
1541 7358
6333 774
184 6989
8837 9141
8876 4165
5714 4755
4739 3914
3231 1300
5504 6142
3126 7468
793 8937
2166 3391
2107 1213
3276 2992
6054 6872
87 4124
6603 8334
9204 1717
5642 8303
196 5480
9166 832
7676 5229
9078 9364
7071 3312
3575 7926
4860 1283
1080 4311
7123 4609
5034 5201
7106 7635
3919 3096
8839 8529
405 3322
5900 3065
3963 3073
4623 2872
6461 7570
1481 6667
9234 1025
9279 7356
1662 3236
4322 6915
3427 9449
4081 8972
7711 9037
8725 4088
3079 3171
2601 3682
5284 8551
4626 2435
8976 7633
2821 8220
374 5381
3413 3264
4840 3583
8062 6951
6900 6288
9159 6354
3222 7187
23 5810
3699 6676
598 2798
7907 4382
6966 9536
4673 9223
2559 3835
5354 7246
5285 8988
3651 8614
1172 2182
3809 6286
1928 1438
1525 5958
1701 3063
5496 8239
9043 7043
9838 5574
1860 9617
8534 5170
4600 8425
3477 9751
7955 1540
6911 2369
4825 3947
1190 8691
7789 4836
5365 9068
6594 5688
6480 2591
700 4734
925 9178
3236 6380
618 5373
9135 20
5237 5803
6028 1489
1187 6481
5008 3425
8689 724
3738 2926
3727 9569
9400 9035
8505 1066
5102 8858
5698 2007
9031 1814
8429 5129
9133 405
2217 2548
7324 129
1024 8188
5482 9934
453 3806
3961 5224
3795 4988
7814 5194
3189 7399
6861 8754
8618 6927
1983 7105
114 6989
4746 9026
7693 1399
4557 1438
9312 6139
7194 2669
5617 2869
3874 1162
1305 4931
9378 5685
5023 5271
6884 6303
4290 2934
7354 5906
8913 8442
2826 960
6659 6449
5950 8155
2885 3843
393 673
7766 5947
4195 216
2021 8045
1696 2742
7181 4209
2632 9035
6420 6654
8876 6223
7439 9253
3069 7945
4784 5735
7211 7147
7028 3947
7530 3401
3115 1458
4849 3290
3114 1405
6422 8341
2742 1463
2330 420
5493 2386
6764 1776
9623 2257
8345 2384
5523 7636
7679 8699
1902 7090
2759 8203
1369 8055
5397 1878
6979 8602
4066 7796
7197 5927
7307 4047
4490 5328
2889 5637
5446 6267
566 45
4256 8037
2618 4910
335 6237
5562 8137
8530 8907
7396 3006
6888 8911
4720 3939
1187 9021
3055 3842
1463 686
3910 624
7517 8967
907 9952
3843 5668
1265 7330
5468 8454
2539 6099
8860 3202
5913 9357
222 5784
7976 4385
772 7452
1491 1770
5994 1438
6928 340
6256 3361
5275 1280
3478 553
8284 9620
8579 3333
4326 2446
1167 6286
7749 9308
3419 6540
7461 5020
420 7638
4245 6420
607 6215
5956 3295
2322 7107
9007 9451
1580 1632
4932 2725
2208 7993
419 5372
4313 3996
2700 1051
3486 408
6322 7858
2658 1334
4963 9421
6620 1835
4137 9831
9726 38
6127 8614
3895 7000
6129 4320
1268 5860
5255 2499
6767 8641
3742 233
4091 8065
4924 3026
9889 5891
2481 2347
9603 5653
8981 6945
6749 3202
9082 3973
4311 7116
3246 3099
3051 3347
93 17
161 7583
3684 5673
4168 7023
318 453
5581 208
4556 4783
154 8027
805 6480
1588 2832
2097 1809
4216 5386
5367 632
9749 1624
8921 6411
6508 6032
7528 8656
8684 7516
7675 977
3141 5153
6427 7836
2919 9809
4568 7939
9862 8447
239 3369
7403 2323
9791 9918
2861 8024
5878 4566
9734 6657
4041 5307
7911 1022
7140 1112
5351 9418
1012 7861
7224 7297
357 793
3319 3482
1572 4942
8115 7413
3888 757
1342 8394
612 2353
9859 7208
9100 261
7201 9173
6788 3575
8410 101
9935 2747
9552 2773
4949 6257
9973 6965
3171 4316
7929 4338
6464 2430
9769 6829
4991 3475
521 5978
7481 5337
8096 8250
6287 3790
3672 3855
9434 3211
5928 5100
7092 7222
1138 4292
9436 2787
4301 5470
7219 4462
7520 9103
4213 1589
1750 7964
7154 3207
1102 661
6319 6987
7644 8482
7844 5431
5835 9154
3457 2343
1890 1327
914 1498
2698 6045
2041 9514
8862 1201
4509 1119
1406 9042
6717 5390
6790 5662
3044 89
86 8642
7252 2993
9566 5728
9932 6470
221 3032
6231 3080
4230 3794
4345 2068
6020 9064
2755 3298
3788 1488
4067 6481
5924 5842
5209 1761
4147 133
6628 8655
2320 2207
3930 9593
6721 436
3678 3255
6575 188
5368 442
3256 5164
8395 6630
8372 1741
6412 6867
1159 1847
9900 3098
2681 2811
1033 9609
6263 6532
5243 8898
2879 7717
5528 6107
2289 1895
5570 4992
5997 449
6074 684
4654 5032
9258 7336
4954 3536
5023 1486
6752 5790
5695 5234
6869 8351
2052 4805
1093 1862
5899 9055
1175 4874
4772 5922
8156 6225
8023 7836
7552 3752
6255 9448
2442 732
8679 4862
4427 3243
7548 749
3849 2301
1492 3726
9073 252
3065 2299
4393 1150
4105 8302
2098 417
9889 1976
4743 1401
1070 6071
9877 1431
3139 5823
2162 4478
6680 1291
4171 2496
9937 9035
9419 4247
6713 2305
2023 399
5187 7539
9855 8813
5568 7215
7916 9363
2640 1982
5177 1369
1149 7440
9384 6808
1417 5915
2047 879
7459 4332
6615 9240
5349 1864
6310 28
6460 867
877 7168
7226 9137
6312 4019
7523 1787
1889 5334
8210 8593
5255 9503
3110 5479
5360 2371
3980 1692
7780 6394
9854 9067
9245 9301
4975 2824
6851 8578
1207 8434
4056 806
1986 1650
6947 9379
2779 3233
5774 2055
6748 2005
1687 9241
3867 2942
6498 4455
4289 7401
9369 2143
3754 9235
5067 5024
1536 1564
1165 5350
7513 7334
732 1365
2109 6821
3878 73
3316 4143
7969 5056
422 9983
7097 8173
5667 4744
2794 4745
1749 5564
658 9031
6714 2814
5171 5809
1394 4415
3507 9274
7688 1966
6286 1156
9174 137
7070 5564
1769 401
7097 5763
8055 326
2091 5850
4512 4281
4101 5352
2664 7247
2994 3301
9720 7918
4407 3489
4241 3505
5753 843
1563 9002
8190 5778
4439 2059
9489 3797
6192 9938
1462 9083
4962 5923
2076 6935
8048 2773
1906 7527
8661 8843
4847 4786
446 6702
5195 9494
4639 8559
420 1748
79 2500
1735 265
5371 2199
1797 4342
9898 6701
8267 4657
8334 707
6251 2771
5724 7863
4617 5356
1411 1526
6166 8966
3691 1627
415 2147
8493 4939
9337 1050
4027 5184
1035 6449
4678 4028
8637 3959
4249 6456
4875 246
8916 312
8470 7510
1716 9881
6690 5929
7121 6341
877 3972
6961 9216
9385 932
838 1393
231 3016
4037 92
7839 1761
5820 9950
1633 9252
6810 2557
6616 6471
4014 9025
6374 239
5428 7325
9783 7908
4502 9138
2169 8399
4197 414
3460 3067
3496 4211
9924 2440
2001 7055
5248 7179
5873 6051
9970 2434
2540 5463
7790 8456
4967 796
7824 3428
2478 1350
7710 3353
6982 8871
3208 8264
7003 6027
2405 338
2102 6112
8396 3488
5517 5134
7921 2711
3132 1282
6426 6761
5831 5329
4420 7437
4402 64
7896 9974
3283 4047
4997 5366
303 9694
7075 1981
4047 6364
3215 8943
4111 3464
3926 4639
9706 8204
522 209
342 8331
9024 5051
4911 6748
4042 8739
2193 6864
1180 3856
7234 5474
9367 182
6064 7945
5099 6904
8817 2098
3629 8685
1142 8532
4021 3546
281 1840
1428 6687
6611 720
7808 9214
4972 3184
434 5087
6447 3757
3180 3946
7005 9580
6901 7406
1107 4268
8890 8895
750 5306
2133 1090
1541 4921
5119 222
4450 1950
577 8337
503 5981
1761 5513
6386 5809
6325 9042
9052 787
6980 3896
2742 6443
9157 3398
4978 2598
8766 7828
5632 8889
9664 640
4909 4813
979 4742
1376 3584
6140 7545
7596 4356
3142 9405
2197 5032
5 6919
3932 8800
442 1547
2421 3545
3450 651
6863 6543
7238 8186
3019 56
9243 5781
3117 4715
5489 6786
6896 5086
9202 4552
9531 5525
5539 1627
1363 7757
420 7324
2132 8686
3379 6412
8910 8498
9713 1626
8123 8699
7531 3629
6973 8011
4827 8807
688 1552
6491 6081
1797 2436
8194 8373
1125 8578
2746 3451
5173 5718
4830 9857
857 4615
216 8574
7612 7523
3739 2135
4821 4826
3652 9955
2084 8202
130 5610
3981 3566
8394 9778
7288 9279
308 2003
4792 8030
5948 1953
6897 2466
1897 8237
9260 42
6205 1799
4052 1137
449 412
2410 744
2095 6138
2793 4761
541 5024
3484 5878
7772 6612
3147 131
1420 5446
5076 2169
2836 3952
7224 6231
2507 9910
2059 3496
6350 8944
5152 6298
2936 2136
6878 8355
7848 2275
9310 4844
5219 3560
3654 4977
6945 3611
7150 1992
3427 5398
6941 6393
1174 45
9781 8534
5034 1206
1987 3941
7011 3889
3373 343
7123 9763
2394 80
3777 5935
9680 7793
7715 9836
9135 4587
2375 4659
3267 7909
5528 8272
3640 6382
9639 7810
3236 7080
768 733
2876 5175
1394 4387
3119 5609
3177 4015
8080 608
5044 5888
9048 5231
8525 7026
2433 2685
3810 8169
5439 2383
7961 4718
6455 6793
1522 3219
6232 7803
9898 6192
9932 7019
540 9096
6860 8602
5118 1788
814 8721
6766 3873
5113 604
5768 683
6001 4183
8188 3144
9390 2432
7369 5365
8893 1218
6179 5430
8978 5032
9520 8432
2880 2445
6848 2798
4292 2285
2121 3017
5863 4104
4061 3414
8208 6642
5725 9276
5919 5055
5687 5285
3232 9830
7333 5436
8540 4097
6297 9586
8093 1753
314 6699
1394 9755
1278 5916
7427 5370
588 1673
7114 6371
2525 8005
7926 3113
724 1259
9364 9842
3932 2204
3800 667
4901 3076
5008 8900
4404 6668
3150 1433
2985 2884
2673 4165
7349 8748
9426 2986
185 7348
9614 5431
2820 1872
1840 3594
6145 5517
1894 1791
3254 3871
4743 4779
4598 3740
1172 5163
5917 9706
5829 4072
3975 2702
7484 1173
2925 6230
7589 2726
7712 9857
9954 4555
1087 5517
6397 7725
9681 2857
4136 421
489 9635
3252 7806
3285 2490
7651 9700
1879 4794
8739 4132
5881 5366
9576 8874
4288 8879
7927 6935
2597 7615
8317 4044
7393 2983
7516 2949
7775 4740
5438 9185
9137 1184
1811 5623
7307 7354
6380 9721
5990 9857
3715 2525
8885 1352
4926 6316
204 7874
3084 2041
8444 4382
2191 7077
6347 3469
846 686
1262 1728
227 4574
1003 7225
619 7937
3569 2343
8726 353
5552 4556
9898 2449
2951 976
7677 4536
7149 3897
472 8843
829 2816
167 362
7853 6591
9548 4113
7076 5652
1706 6300
4114 3372
285 2506
7297 2907
9677 5231
2630 5594
2946 7155
779 6830
9683 6051
3056 2280
6243 6290
2886 476
3482 6214
3609 7792
1721 4324
9839 6264
8986 1075
6962 3768
9301 9935
8469 8398
65 2132
5034 7212
4686 6878
8332 2788
2294 1756
5148 6055
2820 80
3725 9499
2775 1107
4895 2621
4005 1992
457 1816
5265 8965
8781 5308
1109 5860
7692 2567
1681 4685
5425 4311
4698 7217
2167 6119
6991 4047
3157 3944
72 2990
6258 5979
8230 2375
197 5703
4863 4067
9374 6769
618 6068
5872 6768
8496 2074
3086 3361
2343 5586
6856 3425
5491 8246
6378 7185
6016 3330
6019 5356
4432 3396
1375 7523
4704 1033
8232 2857
9487 3603
4704 7340
9675 2628
3963 2263
817 2873
2578 51
9744 2438
7841 9352
3854 6225
4317 9894
2683 2125
326 6465
5908 7231
6740 7901
5935 600
2054 7190
5216 7348
4491 1665
8580 8333
8342 4023
5049 9319
9933 3221
9144 2383
9160 1139
5062 508
5726 5489
379 9771
2787 8553
7069 2928
9442 5664
5954 8251
3465 3572
9557 1667
4596 4636
6834 2719
6500 3142
8550 9647
9265 8728
6874 913
7591 147
8488 3619
347 2876
7189 5306
232 5359
759 7530
6153 369
2627 1461
5293 937
1717 9412
2039 154
8836 7993
2631 4272
9619 5044
3612 3187
321 3407
5918 3719
3881 6718
79 343
8840 552
3434 7599
5656 3461
4600 2654
2853 3958
4793 8858
290 9721
7895 4550
937 5954
2296 1279
4559 5536
9373 8882
4715 248
4682 8862
3471 7985
1615 1906
8028 1533
9290 1449
5521 6229
8316 3251
3982 1845
9157 3252
6949 2468
4246 2760
3358 6117
9797 7102
2930 5585
4725 16
962 6301
4717 7652
89 6463
4388 2275
5061 4140
3193 1725
8756 1001
5245 167
7430 2858
5692 7608
2299 6711
8957 4165
3938 2919
6396 8593
275 9502
2573 9963
711 3755
3712 8106
5273 4752
8851 729
3455 3582
2734 9503
6560 6770
4982 6239
5533 4055
5560 5648
545 8928
2745 4742
2463 1040
7764 744
8002 2646
3415 9188
3099 6114
3302 8469
3074 4329
6017 7580
361 2508
4653 53
8012 4309
3480 1015
3620 3467
360 9799
1311 6192
1932 63
5317 9018
7609 6385
9542 5658
5245 1044
5702 2060
1113 4412
4513 16
3556 7816
1971 2162
3200 1653
4765 2221
4401 6583
3299 8169
557 8437
728 9681
4532 5154
8138 4757
9101 4148
1078 6698
5954 5609
6975 166
4221 4785
2974 6439
6837 1340
9307 240
2136 1826
6935 9038
3627 1227
41 2953
5649 1485
8381 1670
3324 8530
7852 2582
8646 9529
5537 4282
4758 8796
641 4458
9639 4314
3673 9180
6687 3723
2196 2538
3179 8812
9596 9563
9066 3412
2227 1257
7189 9054
801 9394
5235 9
7682 8998
1985 1843
831 3913
9805 892
38 4430
2659 8513
6543 7605
2115 8580
5996 1780
6250 3036
3414 7826
1763 7706
174 2430
4166 9089
792 9470
995 4570
675 4144
3712 7852
459 8337
6862 8048
5534 6413
6046 6991
5133 2452
205 9855
8651 2527
4326 3288
5048 2229
1921 223
5358 4292
2667 9550
1092 9249
6157 4871
7777 5436
8174 1339
507 5047
2086 3400
2456 2484
3357 1796
182 6793
8767 4480
1744 4548
8646 4376
9803 2628
8573 5086
8703 1359
2461 6009
8633 5510
2043 6443
5457 9469
5415 2163
454 8833
4916 8270
7952 7946
3499 6066
1511 9732
6443 3510
7816 8477
9886 5842
2743 841
4248 1653
7854 4816
2731 6265
9435 2105
9002 3157
147 6394
6316 4143
1505 5939
7757 239
8835 5487
4052 5809
1445 785
3383 2114
863 5859
2023 6568
2844 3049
7523 7761
8891 2226
1391 4814
8707 5501
1469 3629
8791 1169
8942 7451
3605 1979
4334 7633
3550 7492
549 873
8552 1690
3771 6434
7308 9219
5496 5337
6261 4589
8712 3738
6911 3815
8929 3031
6214 440
7136 7158
1277 3979
7155 5942
2198 6422
6872 6364
6917 5758
9047 9704
9552 98
7847 656
2089 3249
195 4224
4152 2955
176 1628
7339 6607
1004 2707
1029 1009
7688 1318
1112 5401
5752 7828
504 3559
3635 9531
6194 1361
2113 3059
2147 6706
4267 6496
9688 2805
5280 4025
4548 1433
2299 4900
5663 9795
3026 3920
778 3249
267 254
3406 6110
2484 5128
7023 2287
8242 5378
5636 3411
8559 8942
897 9077
7558 7164
1326 7545
3177 3328
7263 9492
2573 2191
8400 9077
864 4670
9441 3350
1382 8297
2668 5118
7753 1322
3031 7093
2710 8943
9291 7454
6058 2554
9322 5144
529 205
1903 8740
3186 4795
9834 1763
6512 4118
8629 6745
2845 9206
1382 5363
921 5151
9275 1625
8754 2898
7073 1407
7585 2594
6205 6069
8897 5377
5755 8852
6821 9238
6285 9476
473 9650
6296 8841
4955 2156
8927 3153
2237 9095
7934 193
509 8202
2404 5846
6188 8795
237 4874
6836 1407
5857 2518
9706 8619
9655 5086
1669 4000
6895 1273
8149 8678
2203 3072
6790 3631
7184 4132
4228 2727
696 7444
7023 2238
7983 7819
5225 4180
6168 6243
9206 3468
8125 7669
5131 747
1104 2549
4335 3848
8148 3626
1039 5050
3610 3745
6119 6624
8865 4207
4463 8307
9088 439
9793 3258
2540 3228
3383 896
6948 6017
6805 8240
3818 4204
2895 8612
6869 932
5390 8081
9325 3619
3045 740
7176 8612
2057 6723
5988 5928
594 2338
2589 7431
1530 4126
8635 8640
6881 1701
787 6582
981 3231
4133 946
4770 5460
69 3300
9444 1586
6556 2459
5902 4022
8308 690
7325 5261
4993 6736
1674 1644
7233 2341
1251 9658
2111 224
7330 4156
5807 1526
2776 43
8808 5935
3710 1437
5609 1854
5737 6169
9083 2354
8533 7316
4208 6782
7132 5986
8209 2519
1735 8908
286 3034
3344 9139
3697 7974
4286 3226
3519 2967
7378 1018
5119 525
4943 5905
1459 4813
7573 4631
6227 2016
8325 6102
945 8797
60 7969
6191 4863
5372 5999
126 9325
1172 7136
5336 3398
1115 3118
4655 592
3899 7078
6299 1036
2703 8858
9120 3648
7637 5792
2299 6415
7847 4015
333 2110
6458 6668
7276 486
376 8118
875 4147
7246 7272
2417 1150
3038 6379
8846 7360
4193 8298
8276 3554
8117 3731
2186 101
6995 6028
244 2194
5816 3757
6862 732
9393 9569
5283 5208
9258 3947
7553 1815
8291 1123
2688 7657
460 5624
2256 2139
1475 7151
8514 5473
6006 4810
7189 9938
6353 2828
4738 970
6220 5576
7974 5059
1719 4835
6994 5832
9784 9601
3786 9210
2080 714
620 2961
3624 512
7702 4407
4964 925
1415 4991
5119 9176
391 2541
4706 3785
4278 7936
6632 8207
2466 6082
1996 5952
8242 7119
9246 4397
5825 4077
978 3954
1338 2869
7074 8241
9632 4414
6533 8952
9924 8806
9823 3096
2219 8865
904 2537
9532 1600
7877 111
5050 240
9015 7851
8669 2904
4719 2716
2849 5227
6513 9996
2736 9890
97 9077
6273 4053
2097 7258
1269 9759
9170 6811
9440 3371
2147 9404
4831 9512
2497 7175
9713 5280
7261 5399
7679 7225
3240 4122
1457 82
4482 2063
6099 1921
7340 1821
7290 5056
5764 2413
3252 3095
3027 6321
6682 4081
6272 849
2017 8022
6656 7407
1895 9938
2381 8726
8578 3821
4693 2915
9210 4037
5936 2622
2802 5224
764 4917
385 3506
7189 217
9461 5087
9874 4158
4678 4761
646 282
8786 7647
8782 4057
8850 3078
9088 5060
1596 9085
7055 2486
670 1762
255 533
3367 9654
6504 6011
8114 5365
6585 52
3119 266
1292 3417
6328 2178
1172 1273
3618 9372
2325 8125
7918 5600
5856 1634
6587 9235
1959 3295
4637 1600
5756 3666
4955 3010
4612 9144
5734 9545
3005 822
3491 484
5241 3530
4129 5399
207 904
6546 6673
4077 851
9194 2248
5832 8042
5730 246
325 5262
4581 6496
2520 3758
2841 5613
328 3581
9817 3256
5323 3969
0 5298
9071 9724
483 3782
5111 5200
3646 5138
2701 6817
1528 620
3338 8837
2142 3829
5078 4451
6643 6433
3811 2742
7082 1978
1239 4662
3772 5857
3514 4314
2547 4472
9053 6055
7835 2023
8781 2356
7441 4782
7615 7595
7087 4232
3961 7489
4182 1130
6876 7850
9766 920
1825 2685
3561 5058
1290 6117
1344 3155
8722 5819
5508 7000
2884 847
3195 4450
6567 7039
50 4024
6104 7871
146 8594
642 405
2317 6934
127 3496
2874 2382
7853 4295
4718 3395
7485 489
3150 873
8471 8416
1141 5776
4979 6437
7534 7706
9047 3390
7725 2432
8526 7976
6344 6113
7061 2705
5478 3543
2421 4311
4563 2809
6001 2064
4150 9692
5327 9837
6583 4049
7945 3852
9742 4514
6095 3257
2543 2262
3402 997
6504 919
9397 5519
7341 4298
991 6593
3707 7434
7538 9740
949 6990
511 6815
3298 9209
3487 7020
8155 7797
1543 5272
3106 7697
7837 9918
1613 1364
2337 3436
7300 5063
4087 4685
1094 9408
1744 7785
3905 971
7995 9230
8385 1128
8750 9007
921 6283
7334 2905
5652 4948
7971 7323
9792 9975
6548 1018
3120 2531
726 9797
2501 3924
6812 6660
2986 6227
3523 6004
7259 1452
813 7759
2135 1595
7782 3507
1721 2208
4772 7049
1228 4462
1317 575
4047 1913
1969 2187
7468 8116
3090 41
8746 1594
6914 5553
6196 6034
7090 5058
4783 9563
6339 5423
8627 6834
6702 1119
6935 5297
6536 1128
4749 3242
3209 2307
461 289
4872 9528
9863 8676
5920 1640
767 6090
5421 8145
8105 690
2428 6554
6355 2948
3823 2318
818 1726
1166 2277
5693 5458
1336 9719
5199 3445
4868 3325
4331 3393
4229 3727
5890 2683
3755 7083
7354 8509
4175 4762
9125 6786
5568 8540
4527 3026
172 6417
7272 4246
2137 4219
1054 145
7166 5752
8076 8273
2273 7037
1613 5228
2281 6409
718 9072
9502 2186
7808 7488
1028 6437
1042 1896
184 7043
81 5111
6804 3656
5209 124
7968 1141
7145 1988
2814 2183
3944 6655
9307 5493
4629 2299
1140 2187
4217 8518
183 7618
9299 1412
393 7456
2903 7921
7165 158
4654 4608
7280 2614
1035 1755
2657 209
5743 8006
2928 7106
6569 7266
6305 5602
6906 8392
1325 1847
5441 4004
3816 8548
6249 824
7462 2029
8263 3305
6004 3162
2396 3662
6523 5185
9128 5963
4700 2574
4735 2114
4828 6500
1279 8444
1643 4825
379 9524
5737 7964
4898 3716
5112 9194
4035 2551
205 6323
5493 6061
9468 8977
3223 8128
4015 6320
6865 8796
4826 7633
5320 3623
159 9620
8494 7957
7739 3441
9120 1121
8812 4852
7430 9825
7208 9570
4106 4173
8881 3360
4012 9197
4381 3150
1910 9312
8918 7461
7409 5903
7051 2232
7987 6500
1823 5835
1511 3259
4992 684
9943 996
1209 7009
4846 3014
2243 6793
2805 396
4851 1136
8783 3674
1645 2890
5653 2283
215 5397
2084 4332
5196 4229
6486 442
3941 3495
3732 9546
3077 8933
3274 9353
1240 6921
5353 5273
4710 6881
8956 8318
953 7574
5432 2465
7191 4643
3577 603
5238 8986
4255 5243
472 3879
9243 981
5939 5503
8589 6829
6095 934
5314 8584
8152 134
682 5857
5839 1282
1865 1477
7366 8623
8895 148
9330 8401
4544 7016
845 3584
374 940
1120 7747
7472 3337
7896 592
6117 8311
7719 3992
2292 8847
1712 1884
2931 9545
1739 2528
7469 7838
3124 4942
4034 3551
2375 8474
6617 2661
2132 1428
7987 1041
5917 5860
3126 5251
2474 528
7371 8610
1766 4907
9530 9500
6222 6164
3953 4930
8819 9843
8758 4998
1627 8413
6557 9991
5329 5888
7612 106
961 6131
8059 9492
68 1709
5952 1612
88 8073
4501 7573
8086 6819
5189 9829
1974 7081
5459 5061
4814 8972
9554 612
6894 4051
1182 5546
8995 9953
7329 3771
3485 9645
6096 7997
4108 6626
6223 1337
5143 889
7651 374
9101 7806
4214 1010
1727 9253
7027 5224
9276 2422
9384 660
7340 4685
3337 1373
2681 4835
4645 3560
1920 7152
5156 8659
5035 5337
9239 4598
3571 8423
5866 9021
1896 7717
9559 4583
5136 955
5410 4025
1678 6102
8564 8305
2638 2671
7 8600
8084 564
7971 7397
8167 8106
3246 776
4952 6362
5149 3370
4525 9714
5549 8932
154 5150
5621 9738
7188 9551
5424 6158
6130 5287
8852 8480
2330 2641
6589 3000
7411 4460
9581 8410
6611 4705
3720 9961
3667 2522
3556 2883
709 3497
5457 3337
5397 7509
9321 5824
5773 4350
2911 5193
1794 5302
3104 825
8372 5364
1628 4719
6384 9807
6216 5253
2415 7886
8265 9440
4691 7011
3986 2016
3038 9459
2452 8914
7364 3199
9746 2189
1923 9870
9376 4246
4615 4482
6115 6605
8781 6770
1230 4378
8858 2517
3952 9172
1310 107
1904 1822
3872 8065
7581 7154
6 3082
1175 8814
9309 8791
2773 5026
4005 6945
3764 8544
4712 9518
2364 6706
4504 4848
6826 8119
1390 9246
8767 4000
6597 4456
9675 5594
831 3227
2221 9406
8843 3146
2715 9611
2427 918
4285 5090
4429 5856
4369 6954
772 8653
580 3081
862 5119
9897 5683
7456 2326
6496 7015
4875 5640
1840 4763
4644 1323
1102 9157
3454 6119
3108 9469
2363 153
6354 451
5216 4970
7941 1369
9562 3673
2255 7726
3119 6986
3174 5635
4218 5444
2425 8543
4334 2235
811 2208
9751 2331
9110 5003
4678 2901
1774 8839
928 9763
6809 6768
1661 60
7005 5740
5218 912
2334 917
2655 8324
2401 3965
9318 2626
5722 4557
3657 6345
7454 8569
5046 7185
6691 5921
5291 6487
1360 2191
2580 4128
3529 303
7056 6101
7333 2258
7716 172
2374 7265
6773 6204
4544 8388
1630 7523
635 262
8780 8267
4736 6027
3957 2611
1675 2152
3928 1321
1793 9803
2777 1155
7001 9209
5526 9180
5620 6276
7063 1804
5310 4991
9709 8819
7245 6795
3941 8167
8775 472
938 5991
7791 1702
9041 9837
937 8430
879 5971
8630 5552
3823 8254
9192 655
9420 5063
4399 5191
8111 7518
2452 8301
7547 1934
5137 1551
6209 710
885 1743
1444 6462
4744 994
7082 7264
8695 254
2988 9836
1781 8881
7033 3202
5876 4939
2773 7806
4316 5525
747 8621
5220 8085
8457 8003
7609 3457
4824 9010
6276 215
5518 680
7054 590
5384 3372
357 7948
4365 3484
4762 3908
7318 6049
9140 4358
8908 7592
8639 7262
5931 1510
2648 3071
8723 1011
2848 4448
4806 5284
5919 4483
5849 4414
2277 2164
3968 820
5650 8130
7480 3630
2088 7285
8040 4172
9309 7118
8165 6571
4228 2310
8679 8939
9752 7832
2370 1263
261 2628
9767 7746
2987 4917
7753 8992
2631 3744
6072 143
1112 1199
9468 7223
9654 4905
5289 1058
3009 5144
7789 2002
6508 4333
8651 9977
1662 8537
7533 9751
9139 7623
6443 5529
76 6044
1680 9803
28 7756
1276 3208
6979 4431
9997 9301
6380 6533
1760 1463
3636 2614
8889 7882
4948 2799
4085 7598
9055 5680
6490 5678
4437 9807
7386 1987
4560 3434
5954 9353
4392 2083
9376 4241
3172 970
2962 7537
7411 918
4835 6858
9850 31
587 1400
677 8658
7246 7642
9225 6800
8399 2501
2964 9378
706 5145
1146 1642
5213 7767
3733 2491
9292 2704
6921 8407
2411 1473
3116 8632
3926 9764
5853 6508
8143 3228
9304 279
8414 4992
8370 9561
3519 8661
3046 4523
7645 9919
7588 6921
4090 7801
6486 7207
3967 4567
4213 9339
7922 8361
3888 3381
5045 8690
7129 7135
6751 1724
6766 6991
4697 1953
4495 9024
7236 9099
4111 4389
9469 9400
2534 3528
2109 302
437 2952
8500 5201
2301 5759
7393 5464
134 6408
2797 3687
8859 5666
6116 1694
5557 6711
9449 8691
936 3616
6627 8642
6575 2985
1948 712
9551 3384
436 4657
8651 492
5022 8135
7421 3843
8025 1840
9893 1729
3180 5116
6572 2832
8811 2225
7689 7133
2470 4880
2989 4163
8102 6809
5865 4724
961 6584
6381 6139
7436 5631
4829 609
9271 7698
1828 6070
6858 9328
2264 119
9212 2673
965 3512
1002 4982
139 4362
9819 9273
34 9986
9278 1585
1764 6798
9754 2149
1005 2389
4933 7853
4737 105
4765 2159
182 3267
3146 436
4213 8923
3062 247
3625 7862
724 4697
2763 7807
422 6280
6097 538
6530 1933
557 3890
8381 1018
3865 3424
4804 6061
127 3818
8557 7698
4520 3047
15 1
2243 432
6155 533
2011 6536
3054 612
1557 9921
7578 2926
3344 6382
4081 9046
6968 4193
3146 1672
4782 6499
7139 4892
9542 9604
3604 6824
8047 9881
2542 8401
9812 8249
7804 807
6113 3658
4181 8330
5497 7269
2216 5276
8741 2291
4874 1899
9887 2083
7075 5696
4013 1523
1424 2657
7747 7393
3216 354
8919 2638
3508 9706
730 4192
3423 8912
6779 431
7696 9177
6409 5306
1404 2707
7791 5292
7688 211
1086 2163
4944 1940
2335 2407
8717 5916
6520 7939
4563 3918
1508 6293
4756 2069
455 27
5223 5394
6320 101
8453 3627
6746 4651
9715 5891
8900 9850
6759 6135
2728 9194
3681 5378
9931 6291
1386 5826
8818 8429
2812 362
8793 2430
7455 9923
3229 808
6386 4162
3867 2618
3784 8986
951 3738
5325 8296
5372 2851
9914 6077
7354 9332
5952 6958
4463 111
1855 8822
4239 6727
928 9841
3005 6834
5714 3861
4803 7298
2696 9011
9670 101
4082 5608
1396 6895
7345 385
7375 6978
1566 8899
6465 4767
3512 1468
8242 7916
4140 4755
1978 6888
1402 9840
9757 1163
9298 7530
2583 164
465 3082
9367 3521
4263 7931
6122 8206
7654 1569
9994 4642
8705 5467
2782 5603
2960 5052
3259 7863
6480 2915
5637 8173
4829 5628
1478 5540
2034 9296
2022 8983
1829 6180
5860 4853
6733 342
9753 2330
8305 3033
1729 152
7918 8041
9303 5235
2939 8380
2891 370
5614 8895
9913 242
6136 3194
4663 3372
4398 9157
7429 4467
7998 1599
5970 5755
2224 8276
576 7288
4618 4496
6523 4499
5282 7272
1416 909
3625 9116
5152 2704
242 6554
5453 4889
3703 9059
1729 8340
6358 1416
6217 5079
3430 9872
5674 7385
9340 1630
189 4639
9377 9781
8538 5001
3057 1731
6980 2675
7139 6935
3736 4293
1296 3175
9743 5896
749 5607
9146 3099
7585 5165
693 2728
2710 4202
7774 4452
927 9924
376 8293
5675 2192
1262 6398
8659 6218
2413 885
484 8296
4132 655
8366 9977
4858 6952
6249 4661
9138 8848
1524 9313
8892 1032
7128 7452
6353 7473
3461 2054
7208 3738
9814 4361
7243 9908
1147 5031
3813 4891
2707 6964
949 5699
6112 6465
4408 7220
1186 5891
7436 5823
1354 9770
6496 3486
7709 8584
4890 505
7310 2579
7376 2408
404 6802
8778 3821
3621 2561
6242 6400
1466 4215
8530 3978
4302 6135
4071 4108
9932 672
9667 8431
8271 6192
6820 6015
2971 742
843 7046
7475 7209
6251 6788
7972 2456
4015 9206
2943 122
5000 1787
1885 8268
9298 7235
8596 9377
7538 3585
5609 5687
6706 8481
3950 382
89 6901
5636 7676
3616 3985
5555 2533
7073 9142
9440 9014
5429 3527
4629 5809
5527 6968
4593 760
3182 8774
9868 1317
2928 6924
9082 1073
8223 1763
3902 2807
7741 3710
295 2617
1139 212
306 6940
8933 2918
4801 1787
501 651
9511 5093
6126 4510
2312 603
4207 8984
725 8644
2890 4005
598 7798
7242 9977
9216 3557
6960 8447
2140 7702
214 1294
2693 6662
6015 5795
6895 893
3342 5402
189 6783
6857 6395
5088 3128
2722 6415
6147 6681
5091 3041
9794 3877
9748 7045
9998 8314
8560 7726
9888 3837
3504 7475
727 1147
2037 6438
4592 6514
8288 9789
6125 204
9248 5042
6406 873
8647 8672
836 9834
7324 3751
1652 6102
9112 990
3987 8904
352 2218
4884 3234
4044 2023
5241 1983
2682 5467
6836 1777
617 3737
528 1244
14 6343
9950 6827
9862 1096
5509 7898
3623 1845
224 482
3528 7876
1289 1742
4980 2014
3583 7558
9420 5065
3918 9229
6874 1550
5290 4254
1221 3475
6988 3653
7005 7514
5515 301
9300 6983
8510 6211
12 1067
8485 6674
7245 6745
7744 5959
5388 8270
6750 5814
4110 5808
1991 1946
4089 2067
3534 7246
6775 8782
3858 4920
8979 1372
4386 667
6719 3729
2788 1807
4184 4791
3353 2807
9695 4400
6618 2243
5712 8207
8260 2776
9616 6966
379 5399
5330 5357
5011 552
3999 9411
5577 4780
1679 6543
2241 8065
1526 3513
1230 779
1748 8206
2578 3490
4650 1211
4865 8020
4250 4479
2033 8011
1377 7267
2283 6022
5003 1402
1604 4157
7633 9957
478 3585
4526 3735
2587 9729
9914 9483
6154 299
6036 4783
6419 9423
4399 6810
9073 3010
6541 9980
8347 1888
2114 3178
8451 1803
1371 5452
4397 3700
4940 1050
1131 9373
701 2050
4738 492
2048 369
7306 5854
3073 1711
1059 2559
1232 8101
5783 4334
3584 3582
4099 6563
6500 8777
4916 1269
184 1541
1902 9693
7257 8345
3867 3148
5309 6988
4001 8675
3195 5355
9217 8957
9833 5827
1666 3923
715 8294
6890 2602
8933 1374
56 2567
3389 2608
9019 2053
9195 1509
1199 1224
4145 3823
4034 3961
8070 3032
8854 4739
5904 1791
4537 3159
2933 572
7392 406
7567 1245
116 8883
6306 9475
7175 9912
7800 1895
3644 883
1213 608
9628 346
34 1855
5662 916
4276 6340
5510 2602
5161 711
3806 6448
191 5231
297 8162
3993 7933
3344 3118
4902 6202
2902 7224
1535 2699
4388 3722
2382 1167
6882 5528
1650 6203
7427 2290
9868 2855
9370 691
16 8665
6141 6712
7195 830
6216 4477
5269 3329
4260 5539
9638 2651
7348 1079
1296 4244
2666 4633
614 8878
1680 256
1603 8949
4653 4317
6053 6782
9032 186
6250 1523
7850 7203
3332 2561
2711 869
5426 6022
6887 3297
2898 3081
8828 5646
2546 8361
398 6602
115 7032
6138 8994
9037 2866
3196 5257
9264 6334
8409 5025
1961 4097
7234 9121
2763 1637
4405 8278
3510 8663
4408 899
2057 2369
7144 4136
8134 7976
4473 5737
4643 5650
7626 3281
6237 4760
5515 304
5679 8178
7114 1166
4981 2618
7246 3522
157 5323
8453 8523
7660 7509
914 1717
8470 5103
6957 9238
3588 6119
6223 8521
8408 6236
7614 2243
5029 2415
3725 9623
3974 331
2433 9072
7497 6414
3027 1870
6523 1419
3939 1640
1446 4028
6304 3391
3375 4540
2925 8341
865 8930
8173 5246
9837 1907
3837 6879
7675 5661
4237 1369
8863 4814
3944 1239
8246 3372
9230 7559
6358 3978
9660 8592
6417 3756
4085 4047
247 2676
1403 6296
9963 4754
1163 671
7523 95
8236 8730
3375 2686
1203 9401
7363 2388
1452 1468
4521 6842
3275 6780
2145 3547
7740 5567
6963 1345
4096 7695
1685 2320
2345 2267
9140 2294
7920 3486
5858 888
4932 6905
6646 8353
5515 8855
4153 8595
3669 5424
2185 2442
2819 8198
3829 9258
1507 9921
5303 7556
7564 3254
973 7620
9920 8015
6797 476
8680 9144
1820 3377
4790 3283
6418 5359
7272 4462
4526 4766
2094 2868
3146 373
9083 3011
3900 8778
8050 4231
8146 9616
4013 3555
4767 3990
5919 6753
1539 2936
2944 9747
6635 4528
2110 1690
8423 5080
6482 4977
8427 9974
3286 2985
6497 6966
3006 73
4756 1676
4675 1038
4349 7167
9240 5729
7119 2580
5890 1949
3250 6523
4232 5484
4123 6493
1001 990
9368 911
9196 4473
3382 7643
8553 4968
6300 2258
5562 1914
7721 5332
8933 5424
808 1399
134 5623
8603 2376
1640 2702
3364 4151
6638 4324
9469 8496
6387 5604
3755 3987
7794 4233
2264 7039
1122 4850
9282 5735
4160 6829
6955 1628
2783 8582
7863 2420
632 2351
6379 5492
6430 7003
5469 9178
6017 6178
6418 6378
1784 5991
9748 2423
8634 6770
2676 4454
5162 69
6813 5349
2604 3312
6669 3429
4434 1714
9542 4565
7622 406
8011 3834
3102 2972
1814 8754
5699 676
5402 3852
9835 428
519 1897
3516 2987
1974 4911
340 9805
4544 5529
4629 8922
9997 3892
9779 8592
626 3261
6383 6287
6802 147
2038 5044
9721 959
9867 8292
2336 2236
2523 553
2668 5280
9589 5560
6745 8573
1496 9965
8275 7576
5746 1414
6980 93
4171 9025
1558 5091
1691 9730
1598 4974
6869 7631
2874 294
2177 205
3744 8156
529 4319
7750 3445
7770 5048
4025 9988
6520 2566
1502 9431
5248 7138
1376 7505
6338 2170
6216 789
8718 1584
8394 3388
7390 4679
5366 1686
8699 2161
4149 3884
7926 3497
7743 7950
6044 7685
5710 4799
1661 4187
1884 2764
7062 5932
3489 269
4321 4236
5030 1063
5794 2973
3647 7503
341 8960
9516 1925
9158 4308
4370 562
3081 5877
284 6376
8615 1928
182 9787
9702 9
7438 7066
9222 6048
233 6027
3303 185
4520 6041
5050 4795
4923 2753
7718 1955
2048 6209
5121 87
5764 5760
9893 6501
6027 8588
7554 6703
822 3804
7563 7637
8071 7726
3983 6901
622 4036
7376 2768
3922 231
6332 8960
5446 5240
7804 4426
4956 6489
7655 3919
7634 7675
9508 7041
1767 5638
9762 8979
880 5659
1081 3388
66 981
7327 6628
3688 2184
961 5495
7740 7093
9167 6010
2790 4894
9017 2091
2199 7232
9624 2341
4163 9625
8286 4060
5696 697
8249 5662
5573 7687
2409 1467
4425 1400
5158 9208
5378 3442
6420 2479
8670 1690
2193 1042
4514 5679
8504 5319
6572 9239
8957 7996
1316 2611
4567 7808
8017 1758
3849 1356
2552 2244
4056 2831
9129 1271
7341 5218
6716 7863
7254 3207
6788 3365
8549 2737
1974 8645
7678 9616
1153 3661
2773 5922
6416 2701
9606 3147
2305 6394
5983 5394
6303 6060
2723 5015
4449 2494
8281 7262
3912 2284
3864 7012
1886 2399
6568 753
8790 4213
168 4753
644 2163
1790 7174
8631 4350
1196 520
4065 9936
2303 140
2131 7481
6947 374
7804 5770
8603 8310
4331 6829
7417 251
7131 5254
4734 7248
7906 444
7189 6935
1023 1831
6085 8981
5442 161
725 5479
6067 6451
8084 9094
631 5533
4548 4434
8972 9078
8145 6946
3888 1121
7491 6193
8943 4254
522 8968
6958 6223
4034 6012
7463 3315
3108 9269
4763 1053
3508 4377
1524 5062
4797 481
30 3800
6238 4437
3755 6446
776 7625
5892 6895
7951 7064
4010 9093
5678 3037
7974 4300
897 2187
3667 6858
6232 8186
9667 4706
3043 1785
5004 8404
365 6565
7923 5436
9915 9078
1613 4614
7745 2891
4297 1035
7162 8270
5511 5619
4889 6711
6262 1548
762 5630
9028 5443
3787 4762
1014 2313
9418 9331
7600 3968
317 9883
4647 9441
9705 5573
438 218
9002 689
7380 4726
6420 8255
8176 2395
7514 3048
7175 7506
3944 3905
3702 9136
1554 5018
528 6333
2020 4886
800 2343
2247 8605
2894 1163
7163 1680
6335 2761
289 2873
5014 4276
3038 9309
8022 4277
7638 9846
7204 3232
8903 9336
2767 3831
6697 6438
3169 6002
7026 2278
5265 9154
1426 2238
4327 6469
5643 249
4841 3499
6730 6142
2615 1085
2849 4249
5944 271
476 27
5376 75
831 8484
1001 2324
8738 1040
2177 4077
3287 4753
5583 5601
5583 2162
6274 5407
4740 3582
5619 4964
5098 4338
2692 4765
4999 7114
613 9215
447 6870
4310 6000
4717 1299
6317 2253
7506 2976
4639 4593
1765 9878
5965 3254
5128 170
9553 5215
6991 4751
2926 9383
420 4762
8397 3834
2573 6705
7585 2560
3740 1898
6821 1998
5228 537
3632 1376
8450 1540
8001 438
7217 878
4754 374
5080 2346
6912 8145
9437 4124
7079 9950
9765 1628
7122 6045
2577 5860
8229 2145
3238 9826
9050 5759
708 3976
9048 7903
2369 692
5008 2625
4068 6282
5823 3005
3334 1907
8003 7979
7745 6650
7962 6960
5517 4576
2880 8243
2720 498
4016 8686
4038 8986
9355 2912
3021 918
9125 3310
5991 5213
9076 3877
6636 7546
1339 3649
2261 3126
4011 6514
8693 2382
3925 1945
8681 8332
6481 2139
3494 355
8577 7479
7298 3976
8653 6070
6030 4151
9024 1496
8819 8053
9088 1329
2144 3272
1050 8634
6748 7180
6952 8311
2269 1006
10 7635
7889 791
9016 5609
6891 4200
7899 3176
3099 954
4546 5411
8506 1963
3849 7894
7604 1069
4474 5572
3807 6234
5700 8594
3605 4868
6732 8713
8090 8451
355 84
8147 2714
375 3343
7573 9616
4371 2672
7436 1555
3372 467
7686 4571
4541 7990
6076 154
3784 1485
3230 1092
4627 1873
9606 3258
2000 4643
5058 8095
9188 179
7527 3376
2689 136
6184 7804
9130 9858
1205 3023
2475 3595
7096 8752
3761 7759
7322 7660
9826 7983
8583 8784
4685 8310
7137 3675
2930 1487
970 226
8447 5580
5763 466
934 5238
2010 2743
3765 5641
2869 2284
1650 3600
3327 5034
8878 2414
4186 8385
6644 2816
8427 6850
603 3349
4151 1237
5894 6436
6088 3617
8346 5086
3895 2610
7444 8979
7221 8879
1307 4771
7069 3785
623 2050
668 3210
4319 3518
8784 9046
1284 7867
9311 2418
8595 7786
3971 830
3387 8184
6772 8714
93 1136
3643 1146
524 7512
7564 4518
8371 5765
6189 9459
2476 5179
681 4050
1512 5333
9260 321
8127 1549
6614 6174
6811 5677
1378 3870
8925 3612
247 4809
4066 3100
2232 3774
2760 4542
6312 5648
7447 6353
9969 4738
2333 6453
7960 8543
9984 2194
4026 361
8587 1560
7646 5166
1492 1611
4772 6852
289 1414
6067 4220
6588 6185
5382 8857
1872 6969
2487 2618
2059 8002
2836 7124
7001 3826
8497 4301
8977 2649
6299 4315
3698 9640
7795 7084
3162 3821
6568 5152
5588 5698
7821 7189
9556 6637
4468 7574
3157 5587
122 8786
6009 9085
6692 6248
4800 554
538 5356
9490 9105
5810 3010
2926 7067
9190 3603
773 9936
969 8945
6470 4476
3448 737
7969 9011
6821 3994
3744 1758
7504 7684
9380 7992
2857 64
202 4168
7737 1600
2732 3729
39 7646
6576 8940
1584 5356
3235 2529
474 8577
5809 3843
3095 2852
3233 5846
2275 9934
5960 4280
2421 4288
4866 5368
8013 4615
889 3711
3288 8094
6682 4678
3618 2841
8936 6665
4910 8336
2353 451
3094 8542
435 1621
3502 1065
8953 3364
9844 9608
9245 5512
7784 4085
1860 4214
4972 80
2054 6997
8171 9526
5505 6467
3779 8671
8828 4925
7286 8023
3235 5860
3269 6527
9645 5597
2622 1990
5278 2923
9169 7318
2900 2925
8261 6760
7500 7609
2816 139
264 3789
8825 6558
8156 5870
3306 5973
1323 5309
1087 8785
6744 3697
2073 9731
2573 3668
9464 9739
4151 9806
5294 8214
6838 2432
3252 2186
8331 15
3838 353
7352 8546
5841 8866
3545 7649
5541 5512
3064 6089
1451 4181
7024 8663
4768 2441
4686 1317
1514 8025
3111 525
1172 9541
3208 6440
8764 8560
6256 6554
3391 4784
5428 3801
6774 8243
683 2099
4721 4433
6108 8556
8152 6229
6604 1469
8468 5819
5811 2000
6423 4067
5523 5086
2519 8688
3626 5301
4076 7251
271 3206
9869 1294
5395 5694
9029 1847
831 2413
1628 2145
2061 6950
3225 1228
6626 117
7370 132
4678 421
1498 3962
3588 9472
1791 6294
8489 7256
7528 4152
4662 4296
7853 4217
1235 3074
5860 1627
1817 9445
7462 8158
9818 1264
5169 2607
2666 5532
5902 2959
6551 5759
2822 6930
7742 8543
2786 3576
4024 6700
4258 8999
8631 7859
8833 9297
7184 1369
9569 7813
3045 3915
4627 9302
8964 7829
1861 2529
7276 7671
321 4047
4992 9751
590 4137
9653 4916
4500 76
3171 309
7509 9891
9629 5383
5172 8245
9265 5305
7307 8826
8003 2974
8306 887
556 7879
1761 6794
9612 879
978 6992
2117 6437
1989 4495
3644 2875
2393 6703
5009 1722
8821 4942
8200 1934
8350 1483
498 3101
3479 8782
9941 9302
944 6946
8659 1311
5375 2742
7019 565
2819 3122
9932 1544
5041 1712
6446 4639
4913 5437
8353 6124
825 2980
3958 9453
5078 9003
397 4564
411 7864
2866 24
1629 6113
8189 2752
1985 6240
1956 4453
1646 6683
9661 3705
4589 2648
6978 6898
8541 2605
9124 5731
910 3298
8264 7970
7475 8661
9361 6379
6806 7706
7171 2413
2365 9207
6181 4019
8135 7354
2269 8936
9441 2876
9376 4234
4791 5634
6252 9900
4082 4947
578 3224
5793 5300
7850 2283
6108 5486
9904 7695
9299 4350
95 4337
8843 4131
817 1168
2818 401
7897 38
9267 9880
3347 8553
152 9824
6017 2748
7460 1699
4667 1980
1502 9387
2423 8636
5318 643
3650 7938
3119 4741
5129 419
4222 6942
2488 4004
2194 2624
6727 1570
5914 203
6557 4296
6546 556
3237 5327
3768 4895
4268 3781
5992 3077
3662 7250
9900 8176
8561 289
215 1818
1538 9124
7586 8704
103 7781
2880 8226
9939 1936
8125 6873
7681 9103
8802 7031
4034 7086
514 8128
3251 2055
209 2916
9496 1531
532 5569
1482 7672
4685 4306
6899 693
5243 8861
5242 5354
3659 7740
7902 782
9521 9804
5303 7394
8379 5249
8276 1124
3389 1163
3989 1615
4397 7768
1199 1286
8622 6287
2482 9916
9675 4280
9902 1778
3352 7551
8648 8188
7037 6531
2965 2882
7951 8608
9171 4240
6110 2503
2926 5005
8623 2848
5311 6066
9311 1824
3619 6598
9240 5059
3596 3550
6857 7345
3341 9713
9369 4279
7415 3143
6074 6583
9448 9302
2922 3207
626 7706
7644 7370
9009 2580
672 8088
8265 5839
781 7213
8491 9131
37 3928
2937 3163
6721 4054
6742 6929
209 5687
7811 716
2546 494
667 198
6140 4713
2640 2663
5523 6223
3296 7963
6566 4308
5522 143
4760 8235
630 1420
5991 5695
2810 3008
8460 7549
8568 749
2992 1597
3560 8594
3127 4336
3767 7487
3850 1227
9778 9578
4914 9389
7523 0
7726 7958
9086 9044
1968 4721
5233 814
9268 3195
6891 2502
1225 5789
705 306
2753 5457
5951 6599
9924 8610
7872 8409
4100 6123
3478 6207
4810 1546
5039 4038
1789 7850
2357 4955
9105 2944
9457 6818
1886 8224
4286 9669
8269 6135
7850 280
1754 3213
3960 3831
1054 2742
1186 7516
1439 3150
2078 8606
2128 4492
928 7626
3583 5916
8464 5519
3000 8842
968 826
3847 266
2775 7965
425 759
6589 4429
7361 9520
291 2525
3335 247
7672 4531
4427 4083
6038 599
2570 1437
3899 5787
4743 7982
3107 9439
9716 6793
6241 5014
2423 3693
4749 9157
7416 1862
1486 8155
4528 7140
3204 3457
2746 3890
1434 5319
410 7448
3362 8755
4132 3466
305 3091
5319 2443
7812 7276
735 267
7376 4745
9210 8625
3800 470
3135 3244
796 134
9836 5139
9779 1172
2396 8149
5849 4034
1481 1386
7244 7085
8853 3491
6349 4820
1534 8904
9219 7453
3865 3439
9504 4651
4304 5098
8033 1228
6040 81
8974 9260
2187 6052
3797 6566
7922 7834
4649 9161
5581 4703
4832 6494
6436 7039
7407 3533
6312 9152
4463 7055
3194 6837
5353 8592
1022 8367
7544 803
2306 2559
9637 9245
4764 4699
3322 7433
2368 5483
8036 2586
8252 6163
2337 3254
8069 6901
1279 4096
9114 932
2895 9569
2944 3252
1636 9591
1882 4050
7539 1689
4400 699
3184 9865
5210 707
7566 1516
7677 2152
3886 4561
8711 3026
3980 9259
7624 3312
9136 584
9564 9721
2173 6096
9489 6891
5839 7699
9885 2106
8530 8021
1964 6836
806 7645
4045 3853
1414 1089
1639 5033
3965 6640
270 415
9294 1645
1017 5148
5694 5489
4097 2299
2663 3589
9040 6882
3837 5478
3168 974
2747 4629
8649 6080
3886 6587
6705 8386
3270 6662
2922 8535
9557 5881
652 3884
2678 2763
7272 9266
7947 3332
6759 3005
143 8585
4217 3206
7337 3822
7243 8019
9719 9544
4020 3537
8572 1270
8886 3174
2589 4249
7257 2804
1161 9141
8784 8602
2467 9306
9480 9579
1371 6865
9413 3960
4077 1123
2157 6301
3352 4533
3087 8278
2710 4746
8326 2208
1813 5616
7611 664
5211 1962
4873 7137
1539 8461
8985 6292
2961 8958
5090 843
3001 147
2795 1156
8132 5021
7194 7509
6942 6310
6250 905
758 1498
6546 5411
8796 6836
6467 6358
1494 7967
8448 211
419 646
7167 2572
6977 1379
8587 9312
6450 8164
8336 5880
7662 9320
1129 2564
4137 2133
5095 7673
2013 1653
2952 4992
1968 6419
8008 8263
8238 8969
53 5958
9462 2297
3053 6340
6919 7156
2300 5463
8947 2564
1987 6361
7216 4197
7021 4397
4835 2082
773 6180
4301 7343
9371 8602
9623 8991
7521 2648
9819 3977
1374 6427
6003 4019
5731 1394
1218 6901
7719 6418
6699 7384
4884 5367
1487 9089
5862 6319
582 1498
6072 1607
3354 2064
5868 9551
2445 8314
4627 8383
5217 2615
3657 2606
3179 12
4649 8739
4517 327
6023 2957
9822 250
3755 2290
3126 7307
2915 9216
2070 9018
816 1636
7518 7731
6611 1008
5269 3141
4311 5501
3450 3306
4116 5663
316 9377
6677 7089
692 2073
3363 4625
4878 1729
428 7411
8759 2742
9836 9301
2752 8039
65 2995
3074 679
903 7544
1043 8452
2179 144
860 7694
6858 5670
9908 4456
1723 8204
2367 6348
3193 8862
8400 4549
9451 2171
6213 3976
7287 5969
64 3601
7306 450
267 6884
528 9307
5103 9224
7097 5563
3306 1200
5628 2536
1944 3129
4870 8350
2361 7306
3733 5962
5420 7689
9374 8604
690 9836
3999 1936
3545 4842
6031 7037
9374 4137
5644 7577
9978 3919
4953 4347
4408 4034
3942 4688
9486 9837
1178 9683
4162 2014
1493 3302
1147 8456
4686 4796
4819 724
1817 5392
2290 288
125 4363
3621 2805
4019 8671
6547 6308
8962 7151
7420 4658
1473 4594
6715 6176
4717 2946
8147 7342
9135 3461
9114 3563
8576 9117
1563 7326
7006 3336
6559 7329
6299 6245
6001 6346
8377 3055
621 320
6960 7528
288 5711
7866 9373
2220 2208
9422 3430
6653 6686
7332 8739
245 9904
5266 2880
6494 6299
5007 4177
8725 273
1121 1197
1851 7655
4885 118
3989 1621
3155 7086
8415 5953
4263 9454
2247 7845
4461 6874
3775 9112
2706 3492
9691 3985
8164 3109
1480 7114
8280 3503
5735 6682
2576 6053
4249 5705
9061 93
4035 2228
6348 5721
1782 7255
1098 9551
858 2985
2148 4780
1747 3257
2422 9587
3968 2187
6883 2987
2241 5176
5664 6402
3612 4825
8180 5501
8961 9704
4635 8989
7055 993
5406 4316
3529 8068
551 6446
3030 2548
6001 6340
4588 8383
3508 9646
8461 989
1812 6064
3933 4196
2643 5044
3586 8413
7918 1945
6077 4774
3775 8909
4213 7945
10 5048
8343 6685
3590 9720
7978 7664
7229 5146
7939 9675
8619 4664
239 4640
9721 495
6305 9772
507 8213
847 3263
6607 5622
2530 6812
4643 8690
1074 7341
9031 5360
5274 2481
4643 1968
3319 9811
5058 4373
5594 6157
3596 6683
8637 7270
7420 5506
9533 7514
3820 2131
4752 5070
5375 6452
7346 7512
7494 1087
6967 8710
1845 9228
9982 4343
8084 5758
70 1875
5499 9694
1281 925
4843 8204
7592 3730
9111 5662
3490 2176
1568 7751
5989 8458
7673 8789
8179 6039
5441 5089
4119 5922
1214 9136
8833 9966
5108 4002
8564 4414
9395 5658
9647 5014
9311 6315
7403 8072
182 9451
6989 1767
3771 6752
3817 4063
7568 8741
988 9896
8060 2645
6566 4459
1369 4737
3176 4533
289 1501
6620 1343
3845 5569
4651 1122
259 6599
6878 0
7993 1148
7521 7726
4706 3613
3429 4545
7249 177
8808 733
6247 9362
9038 7035
1117 894
771 3883
4685 6106
4659 7055
8933 3451
2040 4037
5013 4038
5242 2293
3679 9201
3146 516
2902 5777
9879 8046
9637 9745
5098 2596
6180 1490
9115 9272
7201 9544
3220 9574
1056 6439
9766 9190
9721 8045
201 9259
9997 9668
4963 5438
8208 8402
7722 9471
8776 4754
5222 1573
8957 9187
6471 4337
9343 7281
8497 5809
3705 9592
6336 6953
1313 89
6557 6269
3865 8957
1753 1649
7736 2622
2834 7113
7938 5183
3592 9670
3759 4105
3180 9847
2742 5269
7647 4092
2145 8081
8661 3581
8469 8159
1689 964
239 3575
5836 3459
804 9789
4622 4473
2844 7331
163 5885
3240 267
1946 5286
2465 4021
9508 9858
9045 110
9773 8312
5766 6890
9756 3435
7523 7307
1364 8690
4428 6380
9582 4926
4643 7056
9513 5490
7464 7303
8158 7730
6326 6829
5591 7508
9307 556
3667 6359
2709 9070
799 943
5954 850
4627 4750
908 4381
4031 2120
3592 6187
4329 9864
4514 478
165 3590
5987 3746
9084 984
5798 2352
194 6697
7301 2427
1219 3791
9838 7945
1063 6858
8734 1676
9605 7039
5097 8731
9729 2025
2805 8810
8177 8957
558 3336
5061 9261
4032 8567
3780 2515
5068 6791
1588 2744
5146 6134
1208 261
5167 246
8348 3150
1741 7700
8179 5937
5589 2902
9134 2491
7464 3843
3291 6428
8319 6143
7650 2783
3211 8164
3499 9148
1608 5578
5751 4226
7167 6671
9048 6505
6219 502
2713 397
2216 6528
6026 1455
1834 4776
2899 2788
8335 7113
1209 1874
5633 2190
8753 6292
4081 1495
2169 7251
8268 6104
9684 5444
1473 885
9759 6190
9783 8997
3512 3791
750 5159
4694 4839
9079 7963
2662 2004
4309 1004
2524 2335
5106 4142
3401 6901
1757 8442
1985 3513
7240 7378
372 2701
1840 6302
1727 1082
4364 8993
4657 6728
2684 2765
8744 2757
4264 1278
82 5922
1963 1671
8646 9393
8501 7330
7541 1839
4436 2259
1318 6279
6754 4798
4686 6800
1546 759
8164 698
6390 9491
9420 7274
8459 9710
5987 9613
6874 2791
2575 4103
6196 4746
6483 422
4467 4453
1807 5510
3402 7496
2110 5463
1621 6835
7385 3333
104 2339
3378 7989
5131 4784
5028 8045
2573 7707
2416 7005
3338 9931
72 2905
5518 7004
7963 972
7385 7283
8014 6523
4951 4722
8608 2358
8016 8768
6748 2233
2766 5143
9541 9001
5378 839
8220 60
1838 3002
6545 681
1095 8253
9237 6802
4326 979
6906 6154
6571 9034
6387 3556
1832 894
6370 2287
1018 2758
8529 4178
1651 2450
825 3588
9070 85
3681 7395
1438 2510
2266 2174
8617 2740
8483 8565
1149 9255
7221 3956
1879 2785
1541 1845
8900 8962
7025 5525
5849 5128
1648 1495
6843 8882
6080 6225
1891 4521
2227 9961
1421 7245
7113 7748
9703 5198
5466 1176
9816 5205
2796 4000
4811 4340
5636 1541
6972 332
8822 7152
7387 2147
5360 6580
9557 8339
581 9184
3059 6920
2474 3958
4679 5086
6247 3425
7126 103
7633 7976
8662 1973
1955 9211
9779 7236
9698 41
9338 9632
3586 5938
6974 7365
99 4680
9796 5982
4976 4010
1088 4685
2422 6182
9312 8403
7894 9828
2588 7184
4995 9432
4097 1130
2141 5651
4845 2243
3162 1639
77 872
7321 6692
4898 7826
7761 7115
7481 5194
4904 5690
2016 9359
5556 9335
9438 9844
306 9343
9614 6457
9046 249
4106 9910
9307 4802
4570 6763
8 8402
337 321
4501 2825
7299 4615
1126 9520
297 8870
2808 4725
173 2933
4474 143
738 5972
6643 8441
5503 1095
368 4310
235 3877
4584 1193
4938 1591
3953 6934
8738 1357
6499 8215
8998 9540
2747 1595
2617 2777
6048 3256
2815 3213
4690 2101
4818 8823
5270 5598
9971 7519
7958 3164
8922 4420
7149 9576
4598 4882
6625 2109
1659 4926
3375 5184
3843 1616
5623 799
2518 9410
339 7979
15 6018
4595 5933
6235 2997
4935 1037
5239 746
7684 6426
5849 1416
606 444
1708 4635
9253 9935
6293 9549
9223 7828
9363 8120
3537 6083
2131 7830
3857 8820
67 5523
590 7928
9965 8881
6142 4492
845 1347
483 1595
4525 9097
8467 3931
6437 477
2151 7510
8364 9768
8938 4606
1131 3690
3051 4424
5399 1061
1487 2965
1043 9985
8963 2155
4253 1364
7823 1228
3138 6807
9675 4678
7787 4463
8544 7802
2336 9944
4599 7619
8965 9201
5707 1040
2301 6401
3042 5878
363 3464
9504 1253
615 7178
6150 4556
2427 2895
2234 4019
4163 2001
6158 3509
1444 3325
9165 5547
5836 3050
4979 2984
6416 2001
6186 2321
6637 4914
7110 6638
5016 4126
5882 2904
4316 9526
1982 7743
9048 2205
1852 1284
912 7072
9167 2008
2153 1124
6772 7284
6837 1889
3410 9929
4798 4615
1152 340
6377 485
497 8678
9766 9561
2172 7388
4655 3441
8881 25
1066 7617
3010 2528
9047 5124
2671 1668
4284 6562
3139 5487
7345 8460
7681 7196
1260 3524
6305 711
3483 2045
9047 2383
597 2276
5183 6537
312 3493
7120 7315
4346 7124
5456 2835
9663 5486
4639 6970
3997 7260
3797 9086
5493 8719
2145 3329
5752 260
1369 3870
2826 9775
2083 8788
5860 4473
3241 7962
1523 7501
3498 9839
3434 7130
7804 8197
2215 2721
2618 8804
4767 4536
1195 1055
2113 4164
3348 4776
1561 1179
2108 8767
6037 5606
7932 2843
1395 2884
6023 1073
9742 2304
4098 8138
2249 6814
6758 1915
751 8538
8100 4387
1938 9917
9342 4246
9778 3917
5848 2323
4765 5119
1375 4975
9460 6571
8322 3093
1279 7018
8935 8264
5085 9209
7631 923
3908 5703
5175 4355
9836 8971
1797 544
192 8652
2532 99
26 5201
5828 1579
6059 8902
5684 1554
2890 8420
1717 1164
6639 8110
2717 8239
3341 9995
8304 2453
6327 3253
6363 8344
422 9303
2386 844
4389 2369
1296 9938
6931 3780
2191 7661
7427 190
3146 4185
4912 2853
1468 527
8743 9493
289 4282
6235 7518
1442 1961
2453 303
557 531
9601 3550
6941 7368
7486 2303
3153 4600
4380 7530
7288 1242
786 1766
1243 894
1112 312
2660 1540
1805 4490
8152 3179
9354 897
2162 5976
9658 9183
2429 3155
6277 5654
2322 6985
5545 8189
3926 1349
5743 5889
5220 6270
7052 1950
249 5085
9338 1454
5838 1729
4163 3578
4331 1619
9893 90
755 2728
4898 100
9888 2391
547 8074
9003 8049
2430 4762
914 7090
3813 8576
5260 7527
2328 459
8460 4058
9617 6372
7509 5909
9360 7815
9208 1754
6287 2022
607 7826
2838 8734
5516 1309
8087 6818
2367 2978
981 2007
2523 5974
9455 35
5725 5905
9805 3623
5316 6757
8637 5517
9734 2680
3336 668
8087 898
6799 6035
6679 99
5463 1230
6925 6102
5278 73
7328 2440
4151 3577
8413 9976
3226 7543
8009 5833
3795 5272
1722 1568
543 656
6181 9678
4420 7320
2587 6839
8614 5591
4902 4132
303 9264
1180 1175
1601 2324
4248 7915
3535 2668
9907 8719
6098 3942
6842 2908
9205 2929
8730 5163
1107 1942
9717 3750
4988 5692
8035 2607
3877 4539
2413 9905
8733 1158
7542 8259
1232 4305
2539 1266
4936 9538
534 8513
4690 1040
4992 2355
2225 9043
1614 5186
1727 6529
5287 2287
3820 1773
4921 7503
3795 9763
6494 3788
3748 9389
802 7939
4697 5632
5735 8424
7106 6143
9723 4562
1650 8424
1744 7655
640 1161
1306 2275
5699 504
6579 2969
8682 5891
6564 3402
9415 5670
9153 2342
7394 1246
9340 6926
5329 7262
9622 5235
115 1618
5777 4440
907 5693
2878 6225
5109 4576
7553 670
9449 6675
6212 6284
5693 4666
5844 3548
9028 7636
1947 526
635 8894
5354 9750
8871 1018
535 345
3416 8221
2388 4670
8113 2122
8917 5241
3010 8951
3710 3170
7901 1358
8413 2297
4213 2904
2979 7585
1250 1433
3530 7953
8284 5380
9210 8980
3252 0
3634 789
610 8555
7507 4322
2369 5984
832 2511
422 6568
1108 4085
9255 2210
3256 1922
8926 5267
2103 3365
9643 5717
21 8750
7412 3622
9379 3566
5789 5090
7026 2096
5528 2082
9673 1561
6651 3612
8372 4432
8940 7036
7022 5860
3353 6902
8580 1436
4628 7616
4955 5919
3792 4350
7574 1541
7342 9327
8740 5672
9109 5406
4775 7984
796 9020
8829 6112
5748 1955
787 3670
2855 9470
5662 2282
1213 1467
5438 7178
8556 8416
9197 1426
9975 6035
1172 2348
2584 7728
6668 3538
9804 3796
7337 4582
5898 5387
3283 3386
1142 1519
3177 1443
4629 4167
2701 4954
1170 6742
489 2085
2120 7716
8619 2726
213 2983
5943 2107
5359 1410
6394 6787
1745 6722
4480 3929
7398 1639
510 5804
6151 1487
8875 9950
6185 1062
8802 741
5949 5519
6086 8508
5810 7632
2595 2539
8050 209
6062 3311
6570 2655
902 7393
4040 8787
7727 7276
7984 5914
5772 6686
4080 8323
7800 3763
9474 5858
6909 8885
7865 4646
9135 7063
9223 9996
2417 5890
9517 1202
8383 2733
5319 9248
7485 2901
7607 3947
6421 6901
2061 598
6868 6827
4198 2293
7697 6232
5050 7458
4109 7587
9046 775
7540 2383
5141 3068
5747 6393
2694 8473
1410 2088
5749 2677
786 929
6960 3208
7773 207
2425 9475
2996 8506
6404 2963
5843 3479
1929 1399
7666 1517
2914 7687
3879 4199
717 1800
470 4489
7135 3915
8164 3665
8224 9257
8537 2123
9798 108
4034 6411
4945 6170
515 7731
8580 356
4037 4498
5639 7193
3749 8982
1987 5318
7252 2832
9796 6789
9866 7182
6904 3128
9822 6652
6923 2977
3450 1355
7068 7132
2287 3508
5339 8383
7481 64
4257 8899
7572 8513
7515 4013
2397 1867
1266 7809
1024 9511
4760 3542
4499 298
4329 2208
2849 2107
6542 4410
9686 5842
5399 2909
1273 9004
9933 4676
6962 4524
4960 5345
7906 2383
4834 9190
3317 3111
6884 4163
9221 6167
3564 9074
6889 7170
5852 5344
5991 2880
8839 6360
2277 1348
5735 5884
2193 6725
4560 8355
7670 167
7665 7607
1814 9273
5265 4420
3314 7211
3350 7805
7469 7758
7111 4653
649 188
8239 6704
6052 9641
376 5459
7422 5061
7029 5871
9741 8790
6629 698
4530 6710
1506 3670
6554 4749
0 2602
5337 1381
5891 9095
8686 3146
3894 108
3490 9548
2772 6972
6434 1453
9624 9742
2684 7644
9023 5528
1289 38
1561 350
6782 2156
6444 9096
6334 9239
1798 287
8700 3870
1857 3088
8038 2191
1129 4789
9787 6056
4097 2979
4028 1508
8372 6741
6778 2265
2036 636
9782 130
903 8754
8490 5013
385 963
4462 2602
6278 6410
9443 9300
4163 2313
1121 3444
9527 4934
7450 5864
2329 2453
9737 8167
8713 2543
4931 4805
9765 5017
6259 2424
8576 2690
756 7765
6938 6589
947 8110
3882 5716
9347 5956
5268 4902
4506 8389
216 2724
2468 9256
4452 8839
8637 4344
9908 8650
5901 1113
6941 4877
8225 5748
5679 6003
8679 3507
1198 660
8660 1958
4564 4080
900 9077
979 6376
6105 9790
7142 7589
2943 9334
183 8674
8160 7753
1564 2010
9401 7472
9226 5385
9551 8383
5460 6743
861 6971
2196 5697
3788 9104
4771 1379
6148 128
8282 1574
7534 1849
8623 2063
3354 5937
886 4602
4838 2950
3617 2393
2938 7545
146 1943
1028 4942
4370 4553
8558 8917
216 6921
695 1743
4330 1627
7846 5128
9090 2168
4030 5975
203 3262
1994 4311
4232 2983
529 6510
3116 1048
4971 7480
5619 2396
4169 1259
485 5603
2479 4283
6515 3185
6577 2522
2382 4632
7619 4937
2681 9234
2819 6922
3842 7817
5119 6945
2060 6753
8003 2846
3686 1790
8962 1697
1935 6698
8796 2930
5079 8424
1831 2487
2974 6425
2732 1259
1144 4767
8321 5770
2863 7562
8782 9098
3345 5072
1447 9383
2062 9552
1388 3372
3426 5954
4689 8505
233 9320
8536 557
506 3882
1218 6445
9194 7954
5487 1837
2814 2736
6710 184
2962 3166
4544 4692
6180 8692
961 705
7793 3617
6631 2200
9159 9851
6863 8394
9066 662
8176 8986
5212 2177
4873 1892
8515 6292
6165 5803
4360 2602
5605 797
8627 571
1786 5605
5410 2249
6625 434
4443 7918
5407 2167
5124 3218
6473 9173
4292 4420
5035 1909
3433 8723
4979 8399
7667 2455
4719 794
2927 5735
9377 1699
3435 9396
8353 2268
8650 7032
160 6214
3008 1768
1345 2728
4411 1181
7582 1569
1013 1727
4952 353
3139 7106
4538 8726
4225 542
9277 5958
6395 2741
6904 1135
3226 1470
4826 464
978 1552
1627 191
4817 8510
9255 7338
4790 3817
2056 3061
4047 3512
2167 8614
7982 9599
1412 9633
6829 9429
8515 6314
6877 2366
914 558
5126 7421
62 7940
8683 5991
8977 6844
7383 1034
2544 3763
6237 3758
1328 1810
2612 4629
8066 3721
6846 6579
5601 582
5229 6939
8218 598
9067 5741
2628 797
1071 2377
5565 2474
8066 8421
2780 1234
1654 4040
4928 539
7395 3549
3790 713
6700 5291
9852 2314
675 3901
378 2346
9836 3465
500 3371
4449 1040
8307 3185
9291 8693
4472 3927
3432 5168
9744 3903
7109 6825
3763 7860
8420 6664
2157 6393
7771 620
8619 2684
3821 1864
2311 877
8746 1496
7691 7779
1542 161
2311 3443
6886 8311
9227 4287
1733 6947
9494 8685
5593 2410
3266 1792
6477 68
3819 7477
8524 937
4570 8438
3737 4360
5693 6251
6220 6528
6581 4244
7988 970
6139 1012
2339 1731
6320 3636
4558 4606
2591 3907
8708 8854
897 4133
4015 2407
6816 4458
1590 7821
5057 8577
5269 8175
6379 4088
463 5362
2890 1904
9949 2257
1587 7916
9057 2782
4475 6349
249 1785
7611 9736
629 8020
5135 3040
3660 1588
8542 7260
3614 3498
8353 55
8863 6297
8843 9654
5993 2322
2211 5934
6418 9218
5002 5190
4039 1369
2992 1589
2892 5474
4610 7221
5141 2906
3684 4679
6304 1673
8944 3367
6682 994
4217 3480
8210 7203
6732 2187
2655 7228
8027 8131
4514 2816
959 7210
3344 5727
2026 3248
25 7038
1964 2015
484 1484
5826 1394
9675 9315
3173 738
4263 4252
5988 68
6698 7022
1285 8833
1866 4450
1283 1719
5226 8207
6452 4787
5916 9022
1924 2780
2893 9419
612 8054
3243 2524
9803 5540
7419 8974
6837 3713
2214 682
2098 2127
4154 3669
1233 1273
3480 6074
6003 542
2821 7053
6059 955
2742 4914
6181 3418
8320 3265
2801 2855
1841 6954
1335 7651
9790 1837
1487 5662
675 6418
3889 4709
9768 4704
4827 4606
9290 4423
5721 2332
7654 5929
5263 2121
3530 445
3463 4779
308 6944
2107 5887
7920 5012
7881 5702
9935 2493
6153 2031
5952 6590
4365 2480
1060 7337
8393 1028
1078 9799
9073 8163
3151 3866
7260 9140
9051 1302
8652 953
2634 5329
7025 4765
5278 4082
2550 9113
6154 4869
7795 7146
6304 2099
320 1858
5438 427
2489 1541
3098 7555
3022 1158
4686 4048
1172 1438
3508 5935
9289 7543
8554 421
9530 6907
9090 5181
5044 2747
7924 6324
4850 4293
4786 1972
1367 653
5336 2333
7918 2551
8805 2970
3224 7098
7691 7011
5859 5752
2264 2878
1853 745
2336 4664
9192 9143
1822 6268
2254 6230
1840 3625
3612 9350
2118 2527
7617 2769
6535 8497
9209 5419
1631 4629
5279 150
8579 5465
1433 7695
2269 4529
9200 9043
3223 1414
7375 1882
1951 1780
244 4413
1720 5720
945 6572
5247 4388
223 9987
6544 9078
5303 2982
8099 645
452 5601
4135 9233
6974 5025
9093 8425
364 6628
2565 2974
7758 2930
469 5297
4675 5019
1801 6916
6367 4102
9782 3980
6600 3068
970 3232
9590 6323
6620 122
3291 807
9954 9636
1319 9914
9942 8330
982 33
2768 7057
1383 6483
2555 9489
301 6351
7511 3263
6551 6177
2203 3558
6803 8568
6997 1562
6808 4206
4462 6608
3891 9433
626 6014
8003 3888
6987 2456
6890 8736
1137 8404
7569 2489
2092 4018
3545 4887
1364 2690
2014 5704
2015 5612
3060 5882
7101 7461
7023 3293
4248 2071
7774 9901
3654 731
5075 2568
9377 3085
9954 906
8115 4223
9876 5461
9771 6078
4473 8197
6855 4326
2314 922
6435 8044
4020 2819
3529 5090
8614 589
7347 824
8169 9977
155 6482
1369 2412
9996 8221
6518 2678
7713 7385
4611 358
1861 2975
7542 5411
2704 9651
381 7216
9001 7449
2226 1761
1841 9096
4067 4662
2800 1458
4494 7918
879 7408
1558 5699
6001 6566
5183 8195
6128 9228
1440 1295
7982 8903
5823 7480
2774 4512
7357 1721
9941 9439
9060 2661
4125 3974
8162 5239
6445 2531
8004 8614
4298 2292
7552 3271
5203 8169
4677 1990
7831 8775
4192 8156
25 3002
8851 7329
7778 8242
7720 7038
539 614
8513 1824
7573 7655
9372 7994
3102 8043
3566 1701
7478 5210
8808 3353
5389 6717
7042 2121
9014 1071
5380 4146
8662 1317
6663 6934
9804 3845
2477 1722
3795 1414
9384 9594
6232 4534
5756 3353
8460 4731
9665 3207
5592 6700
4228 6209
1674 3941
7641 9020
8287 2854
7930 1866
8578 674
2087 9782
4722 5464
6695 6228
2958 1865
1586 4125
8808 5806
706 2860
63 210
2956 7795
7440 9105
6415 7502
4250 6137
196 6501
2358 6688
6880 6603
7065 2873
2628 2026
2 3226
4217 1492
8836 7627
843 1133
9629 944
4580 6727
7097 4570
151 3689
5864 3083
8839 1695
1915 5525
8310 8384
8087 7740
8713 9833
4908 9748
3136 9881
9167 2747
1993 6485
7155 8354
7426 6950
7405 4966
4576 586
689 7936
7377 5366
9059 8691
8745 478
3884 7990
1701 8920
2526 8719
8575 6418
615 4041
1610 7875
9106 8736
573 2352
9117 3409
3300 2073
2299 9782
7865 4176
6822 5247
7729 2838
9996 4591
5138 3559
9742 6332
5864 1330
7440 8873
9304 913
6006 8057
4104 3126
5964 5468
3121 894
3082 6844
137 8381
43 1111
9640 2040
426 6853
9287 4915
7689 3674
4662 9089
6514 3934
2278 3773
2147 1837
2439 4249
7311 8841
4989 920
4957 2064
4671 7509
2681 1613
1171 2319
1132 7788
6432 1393
3440 224
3328 9358
3267 6084
8581 9026
5186 8307
2105 511
4635 5471
1735 2820
5222 4004
6050 7184
2754 3403
3189 1532
1529 2470
8162 7253
7990 5041
8239 1192
9160 7176
2833 187
6676 6380
326 58
4623 5140
5960 7161
3345 4517
5403 9375
7205 8760
1545 880
4850 4562
9426 987
1026 3333
4827 5321
8769 8289
1157 3179
5274 5805
2224 2018
9156 9905
1163 2790
1650 6265
3211 3705
237 5391
242 9136
6135 4235
6446 6028
4955 182
5870 5579
86 8401
8960 6214
8402 3421
1780 3370
8747 5386
5305 2248
1215 9140
6958 3752
1084 7959
7942 894
2778 2514
9685 2365
1320 2864
8794 2080
2884 7806
5253 7412
4690 7008
4988 2826
3195 4581
5555 1869
636 985
7207 7603
7060 8013
1262 4919
4433 5514
2911 4434
375 1080
3431 5257
4654 8363
171 6480
945 1231
1932 3550
5803 7635
1365 650
2805 3678
6370 6438
2115 4191
2553 4014
8876 6770
142 3431
2311 7482
4426 8096
5090 9528
6708 3936
6494 177
2531 1703
6037 4133
1107 7896
5503 6674
7437 244
2962 4414
6866 9845
4597 6244
712 3288
7013 1003
9634 2723
2191 330
3943 9492
2563 7565
2736 207
8932 4620
576 5006
6878 974
9424 313
6960 5303
36 4696
6245 5794
6135 3356
4656 2902
5107 9696
2227 1342
7545 4248
8172 3684
1180 1696
6375 3004
6146 6237
6776 7161
4576 6513
1602 5511
3747 7421
296 9051
4907 8027
8733 3859
6825 555
1049 4918
382 3302
3004 6920
9323 8239
9106 2112
509 3058
2219 123
4078 9615
2861 9838
2573 8469
1854 5262
5538 7440
1358 2501
8169 240
211 4081
3753 5621
3591 2683
5044 6666
6492 7197
4721 6363
9262 8820
5319 8183
4280 5762
9665 9145
9761 5003
7091 8256
423 1184
8227 2270
4937 3177
8381 6418
3565 3473
7153 8800
8609 1768
4119 6029
474 973
2912 4961
6073 2252
888 4984
5579 7820
7149 5460
9797 1797
7999 7059
3970 7977
7723 7865
7424 8515
7701 2119
1968 3100
3347 4488
4420 2958
1937 6211
7246 4159
7594 5072
2710 1729
2581 741
4924 855
172 101
4469 71
5230 2130
3017 4115
823 4013
276 2673
8670 3452
507 749
2231 3888
6217 1220
1267 3252
1422 3345
7461 3758
6151 6195
1238 2141
6173 7305
2961 5711
3641 5642
3270 5231
4860 4209
2616 2819
9809 935
9008 3846
1176 7690
9659 8188
3949 8470
2003 8446
5623 7340
6985 3375
2283 9798
2473 3244
4359 4011
4090 7272
9324 9818
443 5282
2234 3385
8399 9469
8910 1882
9373 4506
306 8374
8153 3362
6273 5571
2924 1285
2156 5197
8463 4462
8974 6672
1492 6538
9274 2671
8735 4953
8327 1597
7532 2101
7683 4900
3638 3112
3027 7333
6617 4275
1883 1719
9424 2055
6711 569
5215 1043
6045 8637
4015 7420
3837 2944
5584 982
4898 3994
2055 4293
3864 2653
5250 1706
6910 8993
5105 1506
8466 149
1531 1134
3667 113
2722 8422
4017 5445
6295 178
2697 7566
5694 2869
871 6128
2190 6867
7663 3623
6431 1009
4328 8029
1791 6790
7439 4470
6839 3219
3802 6904
5409 1797
8577 57
5188 2250
2229 1513
4959 4825
4311 8424
7893 560
4133 3284
95 4864
8331 9225
5054 5705
1649 1695
632 9637
9372 430
2274 1312
4395 4991
3481 9764
9482 8724
901 8524
7417 2420
7154 555
8864 8209
5027 7291
5035 520
6331 9370
5021 4554
9746 8831
566 7428
1230 999
5650 6913
4067 9431
4476 8449
4854 8064
3388 8092
6194 7641
2207 2994
8809 3461
9498 3292
657 5510
7112 7722
5767 2067
7395 7705
5064 8718
837 4801
6461 6901
485 4738
8628 9867
6992 5416
8474 3708
3760 3630
1645 9685
3179 9501
2119 3910
7335 7467
8682 3321
7715 1106
9857 1705
2244 7348
375 5369
4545 7072
7957 3502
7926 1700
9264 2307
5375 9166
133 3340
8443 8417
8402 6808
4108 5025
4064 5316
9906 6431
866 1868
8846 9711
7528 2691
900 5769
6199 5668
3845 5073
2057 6418
9229 253
9808 1728
5697 3320
5077 4114
418 3874
1072 4609
6367 5908
6281 4589
1729 7596
1977 6723
5696 3828
8388 3435
1842 6845
6080 4633
9103 4323
7186 4359
9558 5850
1226 616
2523 6239
7762 2498
4378 7318
3415 8189
3134 9339
2272 2667
6388 9311
7399 2477
3507 9373
8908 3469
8349 1773
5652 2762
7239 9228
1065 4664
616 1292
9595 3189
8835 2419
1388 120
5517 1927
8880 2519
1430 2736
1118 9697
559 675
9581 4941
8932 9209
5277 1397
2343 9654
7113 7125
3500 4979
7487 1719
9198 1816
7601 2061
3110 9132
4080 4695
6461 7293
4059 9344
4137 5350
3768 5220
3642 4339
556 193
5510 4282
4615 8709
8594 5949
3018 4969
6748 5408
9598 8733
2504 9927
1427 9558
949 4134
3422 1413
7792 4312
5832 5235
9659 1433
4271 708
6985 4109
140 8641
8881 9068
3380 1622
1112 2146
5679 3403
9123 9495
4927 7765
5379 4692
7939 4250
1009 2751
566 96
9949 4525
4664 3352
3371 2349
1895 4786
6349 647
3394 9307
3015 9275
3507 8519
7127 8245
5044 329
6173 1114
7962 9232
2366 9333
7762 6459
754 4822
2910 9709
6765 9669
2565 7735
1592 5115
5192 2661
6047 1865
5594 4105
8299 7203
7597 5520
9935 6086
1297 196
3460 3877
4453 6092
2687 6567
4773 4276
1239 2080
1784 3714
1935 2871
8458 831
7069 419
6226 9105
3854 5473
9818 7553
3612 8840
7847 4831
9119 2947
1621 3936
9754 3949
6607 8946
8571 4295
8623 2829
9338 4069
1576 1273
8996 523
804 8412
9533 666
3445 1997
3616 5543
2188 6919
5342 4939
3930 8077
6358 7012
6574 7849
9340 3677
8934 7613
6993 948
7383 9510
4929 9874
8403 3084
1128 7842
4501 550
6363 7232
5723 7697
7445 9765
272 955
3941 1509
1727 8613
1273 5745
2468 3547
1200 6796
9135 8548
1560 3883
8684 9926
4348 7144
1244 3268
4107 214
4307 6892
4477 5907
8047 966
4072 9088
625 8805
4777 1217
6071 2781
5765 990
409 7080
1933 9383
5425 9584
3583 3027
8131 4418
5914 7481
6599 8702
3768 8594
1520 7468
6732 4388
7474 2862
2390 6793
3226 9094
694 6918
2433 4178
8032 8479
1342 1400
5258 9670
2749 7933
4313 3128
2433 3904
9028 5941
2483 9488
8383 9047
4505 6438
4387 6063
1314 6710
7077 966
1135 5544
5618 4652
2051 5428
7409 2146
6125 5036
5202 6248
5024 419
1392 2486
2410 990
2962 6253
6893 8743
5469 8562
7616 434
4507 9237
2816 3833
4769 9739
7331 952
8757 5912
2281 5808
3037 4361
3064 8959
3077 3061
9152 3762
7467 7877
4873 6334
2574 3267
2956 7714
6047 3309
4603 7230
659 394
2964 2768
2395 2585
7822 8401
7420 8270
4364 2902
688 7470
3136 4299
8244 6898
3044 5701
7946 4056
5917 6809
9842 7434
9456 9788
2932 4642
4442 6947
6889 3231
5836 2651
925 9839
1498 6129
1057 2145
604 7912
2245 5516
4714 4879
402 4419
7400 1597
8428 7207
8453 9621
1105 3986
1399 4420
8945 4352
8121 4107
9144 4397
5988 594
3937 2820
2369 5895
4516 2483
5035 5281
5890 7213
4551 2258
3389 5840
7975 5852
436 263
7464 2827
2498 9372
1591 1228
2402 3675
5346 3991
3409 6552
3813 19
8473 7011
4119 5590
9137 3971
2747 8708
4054 1091
9049 9427
3237 4881
7444 9038
4374 5769
7046 8338
8493 2452
9459 7523
633 3159
9047 3097
3810 5337
5920 9544
6454 6862
608 4810
4827 3008
611 182
9763 7391
2187 3246
8586 7000
9149 6326
870 3805
8056 6117
9008 3166
5387 7190
3601 3898
1973 7425
7424 9977
5485 6212
2221 3757
9818 4074
6044 2130
2735 7011
6972 1540
6334 3279
4600 5284
4171 7514
4841 8383
6933 3472
1052 2441
646 5980
8231 5261
3674 7785
188 4811
6777 2389
8350 354
9407 1419
9115 5493
7027 6937
6946 9802
5837 3949
3013 29
4746 6853
974 2432
5043 5839
2911 103
6093 9685
2231 5780
659 5069
70 2355
7187 152
8954 7540
7442 1138
7650 5670
9724 8568
9382 9295
2927 8026
2253 6891
7891 2290
8329 7843
5792 4906
5181 3474
7571 862
3271 5841
1608 3003
5434 2883
3533 4243
5040 8387
4008 9140
8312 205
3077 4856
9063 2769
6657 1584
7783 7463
3497 7753
947 6738
9326 6708
1934 5779
7043 4155
1605 1547
6558 1060
6361 1182
2854 1958
1876 643
71 5448
2572 4441
61 5656
5574 6514
418 3515
1413 2028
5208 240
5306 9074
986 6547
3008 4802
9722 7893
3921 2646
295 1919
9727 5823
7694 5027
5885 7296
7984 7682
9964 3329
9767 7849
5008 8083
5205 8521
2012 6364
6453 293
688 5614
8217 8479
7842 7022
1419 9307
5709 5593
1127 4053
7354 6025
1540 1216
2336 7889
3290 4341
7436 6091
5647 8060
7340 5908
1715 649
5812 8154
9571 5251
5085 9365
3797 7307
1983 6516
7561 6358
2730 7758
1340 4777
3102 6059
3160 2487
8815 6623
9624 422
6727 2865
2253 2392
6956 6010
3496 5823
9688 4287
3202 4498
991 382
4106 5455
2411 8161
7926 4911
3361 4465
5515 6682
6549 2182
9038 5315
6853 9575
878 4004
5913 241
7824 7733
4600 7900
5672 5460
7043 1107
1364 1548
9381 2313
